COUNTRY	COUNT	SECTOR	TRADE	OLD_UCM	CURRENCY	BORDER	FDI_2000	CROSSBORDER	Distance	FDI_2013	YCOUNTRYI	YCOUNTRYJ	cpi	HPCorr	SUMSIZE	EPL	PMR	FIIndex	latejoiner	HPCorrSA	UCM	HPOX
AUSTRIA	BELGIUM	0.410260218	84180315659	0.851929904	1	0	8611.549695	0	914.4633	2455	5241904.1	6395340.5	0.800625	0.879401918	0.050940885	0.724827586	0.135224175	0	1	0.879401918	0.889319765	0.914182768
AUSTRIA	BULGARIA	0.262389257	15187080369	0.635820216	0	0	7241.943226	1	820.7289	213.3	5241904.1	639083	4.7825	0.719677698	0.025743438	0.084137931	0.000819325	0	0	0.719677698	0.689828026	0.642732454
AUSTRIA	CROATIA	0.176035562	27841380249	0.689599277	0	0	12309.98474	1	270.6798	-22.5	5241904.1	786910.6	0.834375	0.781202459	0.026390539	0.125862069	0.501400625	0	0	0.781202459	0.74841545	0.639698961
AUSTRIA	CYPRUS	0.417447115	785037238	0.569553375	1	0	4314.723849	0	2017.949	11	5241904.1	316258.3	2.64625	0.511810085	0.024330305	0.135862069	0.076058225	0	0.5	0.511810085	0.444856102	0.525404452
AUSTRIA	CZECH	0.203757234	1.48E+11	0.856159126	0	1	11910.86687	1	252.4479	139	5241904.1	2686193.5	0.63875	0.808760207	0.034704462	0.605090312	0.2881188	0	0	0.808760207	0.810927226	0.76308563
AUSTRIA	DENMARK	0.231886343	22077918090	0.850750991	0	0	1560.809114	0	868.5304	833.4	5241904.1	4404607.9	2.545	0.80681932	0.04222665	0.45137931	0.1526365	0	0	0.80681932	0.830483937	0.788154431
AUSTRIA	ESTONIA	0.112261578	2268087519	0.843650418	1	0	0	0	1360.358	11.6	5241904.1	277028.1	7.10125	0.851773607	0.024158579	0.485862069	0.243298225	0	0.4	0.851773607	0.736799508	0.740884133
AUSTRIA	FINLAND	0.206260301	18069657823	0.892635517	1	0	890.1274119	0	1437.813	205	5241904.1	3288534	0.76625	0.929166045	0.037341147	0.213793103	0.0575194	0	1	0.929166045	0.925769631	0.901865612
AUSTRIA	FRANCE	0.365800961	1.48E+11	0.940935338	1	0	4861.588415	0	1035.144	8589	5241904.1	35561126.1	3.04375	0.945038698	0.178611221	0.214827586	0.2103061	0	1	0.945038698	0.929649606	0.920188598
AUSTRIA	GERMANY	0.244561947	1.47E+12	0.909819005	1	1	40263.56821	0	763.7314	165063	5241904.1	46564922.9	2.92625	0.917785972	0.226779251	0.043103448	0.10448825	0	1	0.917785972	0.945189888	0.874263252
AUSTRIA	GREECE	0.397937888	12019089957	-0.617221258	1	0	1314.282497	0	1283.6	2392.1	5241904.1	3799627.6	2.809375	0.172246485	0.039578409	0.135862069	0.7293033	0	0	0.172246485	0.154427843	0.262469412
AUSTRIA	HUNGARY	0.173623833	1.41E+11	0.698799966	0	1	8579.408296	1	215.6626	374	5241904.1	1790006.3	8.186875	0.722228539	0.030781491	0.622945402	0.336504975	0	0	0.722228539	0.686556348	0.586764546
AUSTRIA	IRELAND	0.404479255	10295622047	0.374784252	1	0	265.2023462	0	1681.996	147	5241904.1	3176560.7	5.86375	0.376126722	0.036850995	1.203793103	0.01270705	0	1	0.376126722	0.55507312	0.400036591
AUSTRIA	ITALY	0.181927808	2.88E+11	0.827747186	1	1	45096.11763	0	767.4132	96602.5	5241904.1	28750637.2	1.17625	0.87679903	0.148798981	0.15137931	0.167519475	0	1	0.87679903	0.890358704	0.890294905
AUSTRIA	LATVIA	0.2278236	2714428971	0.730089906	1	0	0	0	1102.181	34	5241904.1	334743.4	6.980625	0.801917506	0.024411222	0.084137931	0.033627925	0	0.1	0.801917506	0.711790192	0.656154164
AUSTRIA	LITHUANIA	0.201461037	3986184927	0.769556247	1	0	0	0	948.9832	0	5241904.1	510304.1	3.328125	0.805082482	0.025179721	0.155862069	0.058529575	0	0.17	0.805082482	0.670846298	0.67256585
AUSTRIA	LUXEMBOURG	0.659611019	6319855400	0.635893091	1	0	14685.24312	0	762.4356	51581	5241904.1	707794.6	0.938125	0.66850326	0.026044216	0.355862069	0.076449775	0	1	0.66850326	0.728365347	0.70449879
AUSTRIA	MALTA	0.336255376	513108284	0.173028517	1	0	854.9977818	0	1379.07	0	5241904.1	121287	0.39125	0.30552844	0.023476838	0.135862069	0.006499875	0	0.5	0.30552844	0.323681005	0.276519943
AUSTRIA	NETHERLANDS	0.365125804	1.31E+11	0.87233963	1	0	29040.59131	0	934.7828	115846	5241904.1	11263201.5	1.984375	0.858558452	0.072249464	0.310689655	0.279029673	0	1	0.858558452	0.83372377	0.810306582
AUSTRIA	POLAND	0.170768559	77420008247	0.769946508	0	0	659.6369948	1	556.8245	952.7	5241904.1	6124098.5	0.63625	0.664355351	0.04975355	0.375862069	0.75233155	0	0	0.664355351	0.641007715	0.642704312
AUSTRIA	PORTUGAL	0.208505056	10029718854	0.347298792	1	0	603.4197629	0	2299.266	455.5	5241904.1	3134113.6	2.32375	0.492930399	0.036665187	1.916206897	0.350518825	0	1	0.492930399	0.4864427	0.563075193
AUSTRIA	ROMANIA	0.387065891	46464981465	0.421565726	0	0	17126.42541	1	859.6657	71.6	5241904.1	2204179.5	14.246875	0.582425946	0.032594493	0.084137931	0.112907325	0	0	0.582425946	0.515193806	0.495711278
AUSTRIA	SLOVAKIA	0.174004986	67470737869	0.772005399	1	1	4938.615549	1	277.8844	315.8	5241904.1	1127072.6	1.538125	0.771786791	0.027879564	0.304909688	0.120393192	0	0.5	0.771786791	0.782559445	0.738407244
AUSTRIA	SLOVENIA	0.115193357	99519022313	0.904584168	1	1	2790.916566	1	59.61723	499.9	5241904.1	624420.5	0.904375	0.862597129	0.025679255	0.04729064	0.221431225	0	0.5	0.862597129	0.860258022	0.781555282
AUSTRIA	SPAIN	0.180762367	66736362301	0.709405667	1	0	4864.450722	0	1811.999	3960	5241904.1	18611818	1.15375	0.658544674	0.104417305	0.143448276	0.231146775	0	1	0.658544674	0.642980675	0.590750454
AUSTRIA	SWEDEN	0.162782393	40294554805	0.824778584	0	0	1779.87558	0	1242.31	9653.1	5241904.1	6515395.8	4.1825	0.806892627	0.051466415	0.093103448	0.05552045	0	0	0.806892627	0.839050746	0.83458966
AUSTRIA	UK	0.384873637	95246298154	0.669178974	0	0	10080.60595	0	1238.199	4905.8	5241904.1	33488892.7	2.0675	0.725298647	0.169540225	1.436528736	0.396659225	0	0	0.725298647	0.644472213	0.612602736
BELGIUM	BULGARIA	0.436127404	18254473718	0.412003192	0	0	187.4576479	1	1699.686	1372	6395340.5	639083	5.583125	0.645583815	0.030792492	0.808965517	0.13440485	0	0	0.645583815	0.640248809	0.70977194
BELGIUM	CROATIA	0.347439927	5545771794	0.487572408	0	0	65.1049322	0	1024.412	1493.4	6395340.5	786910.6	1.635	0.714015556	0.031439592	0.598965517	0.36617645	0	0	0.714015556	0.70607308	0.694441822
BELGIUM	CYPRUS	0.329286279	2674106660	0.458013832	1	0	1473.627436	0	2904.975	3211	6395340.5	316258.3	1.845625	0.497236396	0.029379359	0.860689655	0.05916595	0	0.5	0.497236396	0.379209503	0.534432205
BELGIUM	CZECH	0.517715749	80613262161	0.787190982	0	0	7003.24347	1	718.4293	17257	6395340.5	2686193.5	0.161875	0.796144262	0.039753515	1.329917898	0.152894625	0	0	0.796144262	0.794321871	0.81474359
BELGIUM	DENMARK	0.252575377	60075290343	0.683840598	0	0	15937.10791	0	767.1575	4493.5	6395340.5	4404607.9	1.744375	0.788913062	0.047275704	0.273448276	0.287860675	0	0	0.788913062	0.831958324	0.796637024
BELGIUM	ESTONIA	0.415568667	5694408406	0.640059548	1	0	94.4682902	0	1601.098	89.3	6395340.5	277028.1	7.901875	0.744626549	0.029207632	0.238965517	0.3785224	0	0.4	0.744626549	0.670381211	0.717349901
BELGIUM	FINLAND	0.436109618	55037982981	0.733403272	1	0	13961.75007	0	1651.582	7966	6395340.5	3288534	0.034375	0.87654372	0.042390201	0.511034483	0.192743575	0	1	0.87654372	0.880423012	0.887161009
BELGIUM	FRANCE	0.272071496	1.38E+12	0.802421122	1	1	218321.884	0	262.3845	752545	6395340.5	35561126.1	2.243125	0.894570428	0.183660275	0.51	0.075081925	0	1	0.894570428	0.89001429	0.892385102
BELGIUM	GERMANY	0.473218071	1.65E+12	0.726585769	1	1	37091.22588	0	196.8761	181405	6395340.5	46564922.9	2.125625	0.841241106	0.231828305	0.767931034	0.030735925	0	1	0.841241106	0.864761682	0.788798988
BELGIUM	GREECE	0.402971002	33628882498	-0.433155397	1	0	1004.567324	0	2089.225	2938.6	6395340.5	3799627.6	2.00875	0.24112941	0.044627463	0.860689655	0.594079125	0	0	0.24112941	0.215744505	0.381380654
BELGIUM	HUNGARY	0.443170515	46844184074	0.588772444	0	0	5059.767443	1	1129.979	19245.7	6395340.5	1790006.3	8.9875	0.734427886	0.035830544	0.101882184	0.2012808	0	0	0.734427886	0.739787904	0.652912278
BELGIUM	IRELAND	0.631461316	2.39E+11	0.406309774	1	0	7229.498375	0	775.6281	44150	6395340.5	3176560.7	5.063125	0.477128153	0.041900049	0.478965517	0.147931225	0	1	0.477128153	0.649999102	0.505642254
BELGIUM	ITALY	0.339390637	4.32E+11	0.874829791	1	0	28442.58584	0	1174.904	90286.8	6395340.5	28750637.2	0.375625	0.904885725	0.153848034	0.876206897	0.0322953	0	1	0.904885725	0.909282024	0.884498925
BELGIUM	LATVIA	0.426924911	4235924376	0.406446168	1	0	47.29607592	0	1456.065	92	6395340.5	334743.4	7.78125	0.644298376	0.029460275	0.808965517	0.10159625	0	0.1	0.644298376	0.614571127	0.656231269
BELGIUM	LITHUANIA	0.58867952	13069396040	0.5900979	1	0	15.48678017	0	1469.434	54	6395340.5	510304.1	4.12875	0.690241973	0.030228775	0.568965517	0.19375375	0	0.17	0.690241973	0.610903243	0.685955752
BELGIUM	LUXEMBOURG	0.518251076	1.30E+11	0.783043303	1	1	171357.7116	0	187.8091	1090485	6395340.5	707794.6	1.73875	0.737670339	0.03109327	0.368965517	0.21167395	0	1	0.737670339	0.786094084	0.752923679
BELGIUM	MALTA	0.383863254	1720707559	0.228436336	1	0	1384.864973	0	1851.035	427.3	6395340.5	121287	1.191875	0.402350161	0.028525891	0.860689655	0.14172405	0	0.5	0.402350161	0.347125282	0.391195254
BELGIUM	NETHERLANDS	0.237976146	1.47E+12	0.680542529	1	1	173200.3888	0	173.0333	1174594	6395340.5	11263201.5	1.18375	0.794938582	0.077298518	1.035517241	0.414253848	0	1	0.794938582	0.753601036	0.797737161
BELGIUM	POLAND	0.50705168	1.08E+11	0.639043949	0	0	3036.218502	0	1160.644	10909.7	6395340.5	6124098.5	1.436875	0.634524002	0.054802604	0.348965517	0.617107375	0	0	0.634524002	0.575136876	0.632669161
BELGIUM	PORTUGAL	0.289204603	49021834254	0.41227554	1	0	213.5284775	0	1711.396	5861	6395340.5	3134113.6	1.523125	0.598827948	0.041714241	2.641034483	0.21529465	0	1	0.598827948	0.516887223	0.60042468
BELGIUM	ROMANIA	0.71867452	27211947496	0.290128164	0	0	346.5304946	0	1773.603	4332.4	6395340.5	2204179.5	15.0475	0.486403705	0.037643547	0.808965517	0.02231685	0	0	0.486403705	0.455616591	0.578231119
BELGIUM	SLOVAKIA	0.527328177	22109236009	0.602420129	1	0	1016.677737	1	971.336	5134	6395340.5	1127072.6	2.33875	0.733911948	0.032928618	0.419917898	0.014830983	0	0.5	0.733911948	0.744117143	0.776951476
BELGIUM	SLOVENIA	0.404527814	10545830764	0.767329286	1	0	1001.759528	0	916.7943	2346.6	6395340.5	624420.5	1.705	0.807041716	0.030728308	0.677536946	0.08620705	0	0.5	0.807041716	0.794486247	0.806125399
BELGIUM	SPAIN	0.372412702	2.47E+11	0.601715691	1	0	14522.3172	0	1316.64	29418	6395340.5	18611818	0.353125	0.669429889	0.109466358	0.868275862	0.0959226	0	1	0.669429889	0.640605041	0.650797917
BELGIUM	SWEDEN	0.321271415	1.66E+11	0.764145125	0	0	22012.99922	0	1283.716	64674.5	6395340.5	6515395.8	3.381875	0.876091548	0.056515469	0.817931034	0.079703725	0	0	0.876091548	0.904625001	0.86219647
BELGIUM	UK	0.27792176	6.70E+11	0.673400331	0	0	74363.53569	0	323.7796	284636.4	6395340.5	33488892.7	2.868125	0.731425544	0.174589278	0.711701149	0.5318834	0	0	0.731425544	0.687764049	0.65880313
BULGARIA	CROATIA	0.112208494	2252163307	0.896825196	0	0	13.2081159	0	680.4865	75.7	639083	786910.6	3.948125	0.874863148	0.006242146	0.21	0.5005813	0	0	0.874863148	0.894631894	0.896271375
BULGARIA	CYPRUS	0.486137192	871414010	0.398650689	0	0	335.3420533	0	1205.622	1885.5	639083	316258.3	7.42875	0.666726221	0.004181912	0.051724138	0.0752389	0	0	0.666726221	0.464156849	0.734220659
BULGARIA	CZECH	0.277197722	9819024251	0.403973361	0	0	763.6805646	0	1069.866	1807.6	639083	2686193.5	5.42125	0.854449448	0.014556068	0.520952381	0.287299475	0	0	0.854449448	0.827652927	0.901306354
BULGARIA	DENMARK	0.269683806	2680839664	0.451317294	0	0	78.64648331	0	1639.385	341.4	639083	4404607.9	7.3275	0.589725023	0.022078257	0.535517241	0.153455825	0	0	0.589725023	0.691062218	0.642946746
BULGARIA	ESTONIA	0.171025072	327695851	0.578109924	0	0	80.37301811	0	1866.91	167.4	639083	277028.1	2.31875	0.537218495	0.004010186	0.57	0.24411755	0	0	0.537218495	0.405314317	0.551353806
BULGARIA	FINLAND	0.294406083	1488764788	0.750479164	0	0	0	0	1947.447	7.5	639083	3288534	5.54875	0.762818399	0.017192754	0.297931034	0.058338725	0	0	0.762818399	0.708109502	0.791113616
BULGARIA	FRANCE	0.36031108	21923088992	0.561424013	0	0	957.7125577	0	1760.707	2731.2	639083	35561126.1	7.82625	0.606382236	0.158462828	0.298965517	0.209486775	0	0	0.606382236	0.526960634	0.638289097
BULGARIA	GERMANY	0.357082139	71166174979	0.700064987	0	0	2806.278647	0	1571.797	6477.7	639083	46564922.9	7.70875	0.63386711	0.206630858	0.041034483	0.103668925	0	0	0.63386711	0.684715658	0.527773697
BULGARIA	GREECE	0.379503122	38100861924	-0.259445821	0	1	941.1346202	0	520.6937	6454.6	639083	3799627.6	7.591875	0.5037664	0.019430016	0.051724138	0.728483975	0	0	0.5037664	0.537205402	0.707431884
BULGARIA	HUNGARY	0.283551588	13116316845	0.528956205	0	0	1329.017465	0	632.9641	3456.2	639083	1790006.3	3.404375	0.625391959	0.010633098	0.707083333	0.33568565	0	0	0.625391959	0.621406443	0.651561166
BULGARIA	IRELAND	0.500753841	1094340345	0.14326043	0	0	903.3380528	0	2475.312	21.6	639083	3176560.7	10.64625	0.447366439	0.016702602	1.287931034	0.013526375	0	0	0.447366439	0.720321039	0.519440712
BULGARIA	ITALY	0.204442016	55321456410	0.482907232	0	0	1948.180462	0	893.0574	5178.1	639083	28750637.2	5.95875	0.630616825	0.128650588	0.067241379	0.16670015	0	0	0.630616825	0.622539726	0.70853643
BULGARIA	LATVIA	0.272824454	508894360	0.753753135	0	0	18.20868855	0	1590.733	82.8	639083	334743.4	2.198125	0.638291156	0.004262829	0	0.0328086	0	0	0.638291156	0.578151377	0.680117728
BULGARIA	LITHUANIA	0.306734328	1074598421	0.743350905	0	0	12.13229632	0	1345.486	82.9	639083	510304.1	1.454375	0.717017201	0.005031328	0.24	0.0593489	0	0	0.717017201	0.585723972	0.694211819
BULGARIA	LUXEMBOURG	0.628056787	305508909	0.36038879	0	0	200.0952511	0	1526.197	2074.4	639083	707794.6	3.844375	0.502731053	0.005895823	0.44	0.0772691	0	0	0.502731053	0.679595108	0.56416691
BULGARIA	MALTA	0.421975178	320831781	0.253384716	0	0	83.36665609	0	1065.425	362.2	639083	121287	4.39125	0.568522684	0.003328444	0.051724138	0.0073192	0	0	0.568522684	0.732217616	0.51548452
BULGARIA	NETHERLANDS	0.374978877	15200142627	0.624720865	0	0	442.809922	0	1745.082	19275	639083	11263201.5	6.766875	0.836496798	0.052101071	0.226551724	0.279848998	0	0	0.836496798	0.77345622	0.842441709
BULGARIA	POLAND	0.265581531	11758743832	0.416627618	0	0	103.7531916	0	1080.42	255.7	639083	6124098.5	4.14625	0.586877764	0.029605157	0.46	0.751512225	0	0	0.586877764	0.409186043	0.591397735
BULGARIA	PORTUGAL	0.248202841	1828610861	0.308556197	0	0	8.406793295	0	2754.19	91.2	639083	3134113.6	7.10625	0.575178155	0.016516794	1.832068966	0.3496995	0	0	0.575178155	0.573803288	0.676238962
BULGARIA	ROMANIA	0.334082634	38182837502	0.693001851	0	1	437.6223674	0	299.2593	1145.9	639083	2204179.5	9.464375	0.834202927	0.0124461	0	0.112088	0	0	0.834202927	0.864386621	0.878308284
BULGARIA	SLOVAKIA	0.249215993	5404420719	0.843602915	0	0	0.776259801	0	776.8502	14.1	639083	1127072.6	3.244375	0.865600503	0.007731171	0.389047619	0.119573867	0	0	0.865600503	0.921163521	0.881198808
BULGARIA	SLOVENIA	0.276851703	4029793295	0.656228921	0	0	38.72365995	0	795.2473	41.6	639083	624420.5	3.878125	0.887265033	0.005530861	0.131428571	0.2206119	0	0	0.887265033	0.843686557	0.917264138
BULGARIA	SPAIN	0.25280458	17532113089	0.544791713	0	0	885.5488954	0	2254.799	1337.9	639083	18611818	5.93625	0.838798757	0.084268911	0.059310345	0.23032745	0	0	0.838798757	0.797115973	0.871611721
BULGARIA	SWEDEN	0.279234552	3257064516	0.452276337	0	0	0	0	1889.219	1345.9	639083	6515395.8	8.965	0.581486162	0.031318022	0.008965517	0.054701125	0	0	0.581486162	0.588578116	0.607475821
BULGARIA	UK	0.354822733	11813688954	0.406483358	0	0	74.12913196	0	2019.341	745.3	639083	33488892.7	2.715	0.508916089	0.149391832	1.520666667	0.39747855	0	0	0.508916089	0.497397037	0.524570423
CROATIA	CYPRUS	0.392320234	240074802	0.414204761	0	0	7.052567737	0	1882.583	7	786910.6	316258.3	3.480625	0.51639278	0.004829013	0.261724138	0.4253424	0	0	0.51639278	0.294349271	0.61601361
CROATIA	CZECH	0.232513759	7883254990	0.4548519	0	0	20.42793013	0	492.0173	143.2	786910.6	2686193.5	1.473125	0.835154748	0.015203169	0.730952381	0.213281825	0	0	0.835154748	0.785576952	0.855601978
CROATIA	DENMARK	0.17398416	2241712499	0.494277702	0	0	120.5528154	0	1123.37	554.4	786910.6	4404607.9	3.379375	0.675239569	0.022725358	0.325517241	0.654037125	0	0	0.675239569	0.738840519	0.700164899
CROATIA	ESTONIA	0.107374533	83425396	0.632427339	0	0	0	0	1624.37	91.7	786910.6	277028.1	6.266875	0.707019929	0.004657286	0.36	0.74469885	0	0	0.707019929	0.589460736	0.686269399
CROATIA	FINLAND	0.246889014	936883695	0.758975248	0	0	11.4956606	0	1702.673	7.5	786910.6	3288534	1.600625	0.781207067	0.017839855	0.087931034	0.558920025	0	0	0.781207067	0.751393278	0.777953819
CROATIA	FRANCE	0.315073609	9850242645	0.614943404	0	0	1919.409046	0	1081.762	2707.5	786910.6	35561126.1	3.878125	0.702450877	0.159109929	0.088965517	0.291094525	0	0	0.702450877	0.628988344	0.691459046
CROATIA	GERMANY	0.30515783	55820517180	0.756826569	0	0	2453.257999	0	912.2662	7745.3	786910.6	46564922.9	3.760625	0.70997198	0.207277959	0.168965517	0.396912375	0	0	0.70997198	0.759746433	0.534924238
CROATIA	GREECE	0.38322045	2156039625	-0.299398972	0	0	0	0	1079.422	210.9	786910.6	3799627.6	3.64375	0.546708863	0.020077116	0.261724138	0.227902675	0	0	0.546708863	0.497018166	0.759341054
CROATIA	HUNGARY	0.193696613	21173067702	0.566343389	0	1	3556.173062	0	302.1079	11454.4	786910.6	1790006.3	7.3525	0.745315146	0.011280198	0.497083333	0.16489565	0	0	0.745315146	0.706990234	0.81165808
CROATIA	IRELAND	0.425406182	814887913	0.176633692	0	0	37600.34885	0	1799.206	2.1	786910.6	3176560.7	6.698125	0.483262272	0.017349703	1.077931034	0.514107675	0	0	0.483262272	0.666266834	0.656657314
CROATIA	ITALY	0.161133206	65609675631	0.583635974	0	0	3734.386034	0	517.0557	4948.4	786910.6	28750637.2	2.010625	0.733124117	0.129297688	0.277241379	0.33388115	0	0	0.733124117	0.691725709	0.784375382
CROATIA	LATVIA	0.175629049	149110067	0.764548018	0	0	0	0	1361.346	7	786910.6	334743.4	6.14625	0.774567085	0.004909929	0.21	0.4677727	0	0	0.774567085	0.722687766	0.779472223
CROATIA	LITHUANIA	0.297014289	297697239	0.756836829	0	0	0	0	1189.612	3.7	786910.6	510304.1	2.49375	0.802377772	0.005678429	0.03	0.5599302	0	0	0.802377772	0.727596837	0.771189787
CROATIA	LUXEMBOURG	0.555020684	166414953	0.440982065	0	0	419.9428197	0	847.312	6947.5	786910.6	707794.6	0.10375	0.635612334	0.006542924	0.23	0.5778504	0	0	0.635612334	0.777013914	0.638268155
CROATIA	MALTA	0.310071616	409363529	0.291694682	0	0	16.60691989	0	1108.396	102.5	786910.6	121287	0.443125	0.623221333	0.003975545	0.261724138	0.5079005	0	0	0.623221333	0.611262563	0.642415727
CROATIA	NETHERLANDS	0.279730624	10446788694	0.657622033	0	0	4387.903961	0	1085.255	24606.7	786910.6	11263201.5	2.81875	0.817273392	0.052748172	0.436551724	0.780430298	0	0	0.817273392	0.725871783	0.790259562
CROATIA	POLAND	0.224852221	6543701784	0.501258195	0	0	72.53981203	0	805.9365	478.4	786910.6	6124098.5	0.198125	0.555718589	0.030252257	0.25	0.250930925	0	0	0.555718589	0.383202649	0.427803905
CROATIA	PORTUGAL	0.192772547	507803895	0.319925379	0	0	0	0	2200.561	0	786910.6	3134113.6	3.158125	0.519070997	0.017163895	2.042068966	0.1508818	0	0	0.519070997	0.435592355	0.64841831
CROATIA	ROMANIA	0.381522375	3098886280	0.624498834	0	0	9.88048874	0	811.4361	58.1	786910.6	2204179.5	13.4125	0.792766074	0.0130932	0.21	0.3884933	0	0	0.792766074	0.783460656	0.86133449
CROATIA	SLOVAKIA	0.218749516	4570211736	0.858232721	0	0	30.31055057	0	278.7123	45.4	786910.6	1127072.6	0.70375	0.822011426	0.008378272	0.179047619	0.381007433	0	0	0.822011426	0.915538486	0.777951572
CROATIA	SLOVENIA	0.193260372	44375356074	0.696331373	0	1	1099.445176	0	117.3451	9147.6	786910.6	624420.5	0.07	0.901337139	0.006177962	0.078571429	0.2799694	0	0	0.901337139	0.828758196	0.911813497
CROATIA	SPAIN	0.173438246	5658272137	0.586993987	0	0	4631.741265	0	1702.46	0	786910.6	18611818	1.988125	0.823215674	0.084916012	0.269310345	0.27025385	0	0	0.823215674	0.728414542	0.895923997
CROATIA	SWEDEN	0.187913058	3060120701	0.52087976	0	0	1281.351993	0	1512.846	1235.4	786910.6	6515395.8	5.016875	0.662050923	0.031965123	0.218965517	0.445880175	0	0	0.662050923	0.661534266	0.675855789
CROATIA	UK	0.300111196	5141672827	0.493736732	0	0	442.5787958	0	1341.216	1195.3	786910.6	33488892.7	1.233125	0.703898551	0.150038932	1.310666667	0.89805985	0	0	0.703898551	0.669636031	0.711877213
CYPRUS	CZECH	0.591232791	1771819838	0.51710758	0	0	469.8511642	0	2260.553	4521.7	316258.3	2686193.5	2.0075	0.635686217	0.013142935	0.469228243	0.212060575	0	0	0.635686217	0.540624857	0.682749082
CYPRUS	DENMARK	0.340516087	1296866063	0.548536328	0	0	45.5499602	0	2777.919	475.8	316258.3	4404607.9	0.10125	0.293528882	0.020665124	0.587241379	0.228694725	0	0	0.293528882	0.180836268	0.315858257
CYPRUS	ESTONIA	0.405911534	298910408	0.397646428	1	0	1425.324749	0	2772.545	5428.6	316258.3	277028.1	9.7475	0.130567234	0.002597052	0.621724138	0.31935645	0	0.4	0.130567234	-0.198993474	0.133904348
CYPRUS	FINLAND	0.488422715	1424043339	0.604069411	1	0	67.16327426	0	2845.096	4	316258.3	3288534	1.88	0.532155753	0.015779621	0.349655172	0.133577625	0	0.5	0.532155753	0.385580356	0.581949994
CYPRUS	FRANCE	0.34513107	8569267186	0.527520283	1	0	1013.132019	0	2954.551	4824	316258.3	35561126.1	0.3975	0.391300081	0.157049695	0.350689655	0.134247875	0	0.5	0.391300081	0.239525664	0.398712258
CYPRUS	GERMANY	0.587887485	15461459479	0.545192445	1	0	765.0003948	0	2776.08	4500	316258.3	46564922.9	0.28	0.410192003	0.205217725	0.092758621	0.028430025	0	0.5	0.410192003	0.442493362	0.322492505
CYPRUS	GREECE	0.251836925	27816237247	-0.894870116	1	0	5263.070557	0	915.6595	3142.2	316258.3	3799627.6	0.163125	0.288154218	0.018016883	0	0.653245075	0	0	0.288154218	0.256474633	0.564690423
CYPRUS	HUNGARY	0.526818509	1217918361	0.274584245	0	0	866.6637716	0	1815.574	13182.2	316258.3	1790006.3	10.833125	0.232725128	0.009219965	0.758807471	0.26044675	0	0	0.232725128	-0.09379234	0.276121645
CYPRUS	IRELAND	0.727185483	729834908	0.356017183	1	0	1025.588638	0	3680.572	3026	316258.3	3176560.7	3.2175	0.407514405	0.015289469	1.339655172	0.088765275	0	0.5	0.407514405	0.409916868	0.345502762
CYPRUS	ITALY	0.405069119	12252492753	0.636223644	1	0	235.3156899	0	1957.84	674.3	316258.3	28750637.2	1.47	0.55885089	0.127237455	0.015517241	0.09146125	0	0.5	0.55885089	0.529026573	0.615991191
CYPRUS	LATVIA	0.393482227	874089568	0.347952694	1	0	100.4391049	0	2524.026	397	316258.3	334743.4	9.626875	0.138077542	0.002849695	0.051724138	0.0424303	0	0.1	0.138077542	-0.175530097	0.201687527
CYPRUS	LITHUANIA	0.573813595	704760716	0.163762352	1	0	138.8239892	0	2260.847	1109.8	316258.3	510304.1	5.974375	0.173135837	0.003618195	0.291724138	0.1345878	0	0.17	0.173135837	-0.196299434	0.191162031
CYPRUS	LUXEMBOURG	0.47655801	536583265	0.163416499	1	0	109767.0242	0	2729.865	398206	316258.3	707794.6	3.584375	0.192264383	0.00448269	0.491724138	0.152508	0	0.5	0.192264383	0.129654955	0.230081522
CYPRUS	MALTA	0.352337231	303058278	-0.121154623	1	0	44.78723145	0	1703.866	441.6	316258.3	121287	3.0375	0.351504522	0.001915311	0	0.0825581	0	0.5	0.351504522	0.354650566	0.232814026
CYPRUS	NETHERLANDS	0.352757656	7364565696	0.532738419	1	0	3497.222368	0	2949.04	108115	316258.3	11263201.5	0.661875	0.660932394	0.050687938	0.174827586	0.355087898	0	0.5	0.660932394	0.69716389	0.700654294
CYPRUS	POLAND	0.475895657	4032698927	0.578944835	0	0	3770.817425	0	2140.182	24762.8	316258.3	6124098.5	3.2825	0.708463452	0.028192024	0.511724138	0.676273325	0	0	0.708463452	0.67372159	0.660413607
CYPRUS	PORTUGAL	0.275123258	580814897	0.314819009	1	0	0	0	3766.31	60.8	316258.3	3134113.6	0.3225	0.68012132	0.015103661	1.780344828	0.2744606	0	0.5	0.68012132	0.791575624	0.7655017
CYPRUS	ROMANIA	0.742852745	1795640962	-0.09901337	0	0	350.9489662	0	1201.539	2203.6	316258.3	2204179.5	16.893125	0.399723043	0.011032967	0.051724138	0.0368491	0	0	0.399723043	0.250400415	0.512319861
CYPRUS	SLOVAKIA	0.530488827	1408661933	0.321041073	1	0	640.8868939	0	1969.287	633.9	316258.3	1127072.6	4.184375	0.525616322	0.006318038	0.440771757	0.044334967	0	0.5	0.525616322	0.405883404	0.586983643
CYPRUS	SLOVENIA	0.484646061	518740570	0.35433575	1	0	0	0	1994.669	137.5	316258.3	624420.5	3.550625	0.625204734	0.004117728	0.183152709	0.145373	0	0.5	0.625204734	0.596275092	0.699214808
CYPRUS	SPAIN	0.31445012	4489212071	0.69808481	1	0	107.0060721	0	3288.066	2175	316258.3	18611818	1.4925	0.769332795	0.082855778	0.007586207	0.15508855	0	0.5	0.769332795	0.71532734	0.795958322
CYPRUS	SWEDEN	0.439040126	1472133608	0.574727727	0	0	252.3124116	0	2912.221	5392.9	316258.3	6515395.8	1.53625	0.406346319	0.029904889	0.042758621	0.020537775	0	0	0.406346319	0.291990927	0.379781022
CYPRUS	UK	0.298217467	16213930214	0.172065928	0	0	1557.124598	0	3223.638	18084.6	316258.3	33488892.7	4.71375	0.065014152	0.147978698	1.572390805	0.47271745	0	0	0.065014152	-0.236057326	0.078177617
CZECH	DENMARK	0.326276654	23744337683	0.79118885	0	0	590.0568107	0	631.8411	3439.6	2686193.5	4404607.9	1.90625	0.75411612	0.03103928	1.056469622	0.4407553	0	0	0.75411612	0.802518427	0.784976055
CZECH	ESTONIA	0.213750039	2897312658	0.635151933	0	0	1.043711941	0	1227.457	27	2686193.5	277028.1	7.74	0.672318086	0.012971209	1.090952381	0.531417025	0	0	0.672318086	0.483199631	0.656340494
CZECH	FINLAND	0.241020236	13350558467	0.70752326	0	0	144.8269943	0	1300.095	319.3	2686193.5	3288534	0.1275	0.794755066	0.026153778	0.818883415	0.3456382	0	0	0.794755066	0.73588266	0.819231165
CZECH	FRANCE	0.429178791	1.35E+11	0.789615031	0	0	7579.339447	0	884.6105	33655.4	2686193.5	35561126.1	2.405	0.770662398	0.167423851	0.819917898	0.0778127	0	0	0.770662398	0.705773631	0.774622695
CZECH	GERMANY	0.194134415	9.78E+11	0.800850813	0	1	10718.5766	0	545.6255	64012.8	2686193.5	46564922.9	2.2875	0.748791162	0.215591881	0.561986864	0.18363055	0	0	0.748791162	0.780684493	0.648980913
CZECH	GREECE	0.543103049	6478529018	-0.524397628	0	0	0	0	1535.797	2378.8	2686193.5	3799627.6	2.170625	0.486754835	0.028391039	0.469228243	0.4411845	0	0	0.486754835	0.537354773	0.665619876
CZECH	HUNGARY	0.148789811	83444020489	0.589901948	0	0	209.6167397	0	445.1513	1777.7	2686193.5	1790006.3	8.825625	0.776788817	0.019594121	1.228035714	0.048386175	0	0	0.776788817	0.679442025	0.739000015
CZECH	IRELAND	0.274594225	10700394519	0.578772896	0	0	914.2328586	0	1465.218	3625.2	2686193.5	3176560.7	5.225	0.64936902	0.025663626	1.808883415	0.30082585	0	0	0.64936902	0.840886195	0.667963345
CZECH	ITALY	0.284695307	1.32E+11	0.80588034	0	0	1349.316391	0	926.5591	6916.8	2686193.5	28750637.2	0.5375	0.822388075	0.137611611	0.453711002	0.120599325	0	0	0.822388075	0.812370435	0.84540668
CZECH	LATVIA	0.35284998	3862693928	0.418786613	0	0	19.91294065	0	993.2449	37.5	2686193.5	334743.4	7.619375	0.690530085	0.013223852	0.520952381	0.254490875	0	0	0.690530085	0.56768369	0.718709495
CZECH	LITHUANIA	0.315846367	7104594270	0.568057791	0	0	11.85244469	0	896.5842	8.7	2686193.5	510304.1	3.966875	0.686420117	0.013992351	0.760952381	0.346648375	0	0	0.686420117	0.48272566	0.683415497
CZECH	LUXEMBOURG	0.68753558	4895479741	0.615091935	0	0	4487.205143	0	596.739	28951.8	2686193.5	707794.6	1.576875	0.633094705	0.014856847	0.960952381	0.364568575	0	0	0.633094705	0.712770609	0.666604459
CZECH	MALTA	0.487755347	283428889	0.422441529	0	0	35.80871518	0	1580.469	401.5	2686193.5	121287	1.03	0.643343614	0.012289468	0.469228243	0.294618675	0	0	0.643343614	0.576715137	0.598736061
CZECH	NETHERLANDS	0.426759377	1.55E+11	0.867111531	0	0	6481.639931	0	709.4576	110987.3	2686193.5	11263201.5	1.345625	0.909498312	0.061062094	0.294400657	0.567148473	0	0	0.909498312	0.918595731	0.912289239
CZECH	POLAND	0.238479934	1.89E+11	0.67281547	0	1	1454.861571	0	516.6628	8049.4	2686193.5	6124098.5	1.275	0.672975037	0.03856618	0.980952381	0.46421275	0	0	0.672975037	0.718017172	0.639106237
CZECH	PORTUGAL	0.341730448	8777529141	0.385415557	0	0	289.747592	0	2245.294	61.7	2686193.5	3134113.6	1.685	0.665636955	0.025477818	1.311116585	0.062400025	0	0	0.665636955	0.678004591	0.723183091
CZECH	ROMANIA	0.210680519	31263078971	0.286251006	0	0	1329.016684	0	1083.813	2604.2	2686193.5	2204179.5	14.885625	0.673180988	0.021407123	0.520952381	0.175211475	0	0	0.673180988	0.62959233	0.773827227
CZECH	SLOVAKIA	0.152472729	2.21E+11	0.631081306	0	1	2720.499156	1	293.086	14474.4	2686193.5	1127072.6	2.176875	0.836950708	0.016692194	0.91	0.167725608	0	0	0.836950708	0.847692425	0.861073167
CZECH	SLOVENIA	0.149804629	18451424834	0.857191545	0	0	91.39657392	0	448.934	404.2	2686193.5	624420.5	1.543125	0.892499139	0.014491885	0.652380952	0.066687575	0	0	0.892499139	0.90985378	0.920561333
CZECH	SPAIN	0.314325004	62728576653	0.803667372	0	0	5909.863278	0	1776.348	5666.3	2686193.5	18611818	0.515	0.896457615	0.093229935	0.461642036	0.056972025	0	0	0.896457615	0.894546536	0.8908721
CZECH	SWEDEN	0.238056994	35566866172	0.8048632	0	0	183.4878642	0	1053.71	5605	2686193.5	6515395.8	3.54375	0.792618673	0.040279045	0.511986864	0.23259835	0	0	0.792618673	0.78195591	0.776682039
CZECH	UK	0.45124981	1.09E+11	0.603448615	0	0	2013.600803	0	1036.988	10379.5	2686193.5	33488892.7	2.70625	0.661161773	0.158352855	2.041619048	0.684778025	0	0	0.661161773	0.535897389	0.633802506
DENMARK	ESTONIA	0.227959823	7887945056	0.820976585	0	0	646.7373007	0	836.2802	877.5	4404607.9	277028.1	9.64625	0.820362985	0.020493398	0.034482759	0.090661725	0	0	0.820362985	0.771351194	0.848637568
DENMARK	FINLAND	0.230022037	57120507069	0.806347999	0	0	7945.265491	1	884.6371	26077.2	4404607.9	3288534	1.77875	0.78106757	0.033675966	0.237586207	0.0951171	0	0	0.78106757	0.809482827	0.799938083
DENMARK	FRANCE	0.206344254	1.04E+11	0.898079843	0	0	5354.423527	0	1027.609	47164.1	4404607.9	35561126.1	0.49875	0.848545553	0.17494604	0.236551724	0.3629426	0	0	0.848545553	0.83651742	0.879580436
DENMARK	GERMANY	0.306436276	4.68E+11	0.857542661	0	1	19454.80666	0	595.8536	78554.1	4404607.9	46564922.9	0.38125	0.788474057	0.22311407	0.494482759	0.25712475	0	0	0.788474057	0.803580844	0.74922412
DENMARK	GREECE	0.305573234	11281280498	-0.660238484	0	0	171.2815861	0	2135.535	800.1	4404607.9	3799627.6	0.264375	0.173579172	0.035913228	0.587241379	0.8819398	0	0	0.173579172	0.214443581	0.343941481
DENMARK	HUNGARY	0.257701694	15864925761	0.748446293	0	0	637.0821318	0	1011.98	2516.7	4404607.9	1790006.3	10.731875	0.809148782	0.02711631	0.171566092	0.489141475	0	0	0.809148782	0.851187526	0.809649029
DENMARK	IRELAND	0.487513709	21969475365	0.497000939	0	0	3104.941767	0	1240.498	5767.9	4404607.9	3176560.7	3.31875	0.418634824	0.033185814	0.752413793	0.13992945	0	0	0.418634824	0.664609173	0.597234196
DENMARK	ITALY	0.157932511	81929084215	0.683032113	0	0	3032.773557	0	1534.086	11110.1	4404607.9	28750637.2	1.36875	0.80142046	0.1451338	0.602758621	0.320155975	0	0	0.80142046	0.790192697	0.817536978
DENMARK	LATVIA	0.266956832	9262424811	0.595824887	0	0	71.17925261	0	724.3204	1491.2	4404607.9	334743.4	9.525625	0.760766431	0.020746041	0.535517241	0.186264425	0	0	0.760766431	0.779081335	0.810636082
DENMARK	LITHUANIA	0.424736633	14810929237	0.667043135	0	0	208.0837725	0	815.5106	2327.8	4404607.9	510304.1	5.873125	0.727850929	0.02151454	0.295517241	0.094106925	0	0	0.727850929	0.705617523	0.776437339
DENMARK	LUXEMBOURG	0.576611347	3126273296	0.490367392	0	0	6230.710359	0	802.2173	51513.7	4404607.9	707794.6	3.483125	0.668773874	0.022379035	0.095517241	0.076186725	0	0	0.668773874	0.786441217	0.728611899
DENMARK	MALTA	0.29490537	704587161	0.223345165	0	0	16.30661995	0	2204.997	166.7	4404607.9	121287	2.93625	0.371280732	0.019811656	0.587241379	0.146136625	0	0	0.371280732	0.427177324	0.504073502
DENMARK	NETHERLANDS	0.224966905	1.52E+11	0.821355203	0	0	9959.495499	0	622.9741	99327.9	4404607.9	11263201.5	0.560625	0.738415873	0.068584283	0.762068966	0.126393173	0	0	0.738415873	0.690932087	0.740138579
DENMARK	POLAND	0.340391567	60218684638	0.699496624	0	0	2759.907687	0	668.9079	13452	4404607.9	6124098.5	3.18125	0.430254058	0.046088369	0.075517241	0.90496805	0	0	0.430254058	0.421153481	0.368580263
DENMARK	PORTUGAL	0.133984735	10451942206	0.395201673	0	0	5246.178815	0	2478.47	1632.4	4404607.9	3134113.6	0.22125	0.442714978	0.033000006	2.367586207	0.503155325	0	0	0.442714978	0.369730853	0.471155756
DENMARK	ROMANIA	0.507192591	5982891180	0.23896449	0	0	99.20951236	0	1576.432	1353.6	4404607.9	2204179.5	16.791875	0.452387311	0.028929312	0.535517241	0.265543825	0	0	0.452387311	0.537875564	0.578298742
DENMARK	SLOVAKIA	0.346393894	9080828198	0.659606038	0	0	217.4917621	0	891.5908	1651.2	4404607.9	1127072.6	4.083125	0.649362891	0.024214383	0.146469622	0.273029692	0	0	0.649362891	0.75437719	0.669943119
DENMARK	SLOVENIA	0.246233877	4579836217	0.771143324	0	0	43.02360523	0	1076.812	201.6	4404607.9	624420.5	3.449375	0.711598795	0.022014073	0.40408867	0.374067725	0	0	0.711598795	0.721287035	0.738604067
DENMARK	SPAIN	0.195069453	54261096135	0.687856658	0	0	2312.944793	0	2074.977	15903.1	4404607.9	18611818	1.39125	0.593517636	0.100752123	0.594827586	0.383783275	0	0	0.593517636	0.588990129	0.61919081
DENMARK	SWEDEN	0.162807142	2.92E+11	0.876618273	0	0	25459.15748	0	523.7871	180665.6	4404607.9	6515395.8	1.6375	0.821474251	0.047801234	0.544482759	0.20815695	0	0	0.821474251	0.856218503	0.864213139
DENMARK	UK	0.252426351	1.56E+11	0.67025689	0	0	18058.89138	0	959.5936	106016.2	4404607.9	33488892.7	4.6125	0.807735963	0.165875044	0.985149425	0.244022725	0	0	0.807735963	0.794928775	0.823254877
ESTONIA	FINLAND	0.233470419	51496747300	0.788494086	1	0	1025.338579	0	80.98481	5246	277028.1	3288534	7.8675	0.798005879	0.015607895	0.272068966	0.185778825	0	0.4	0.798005879	0.733652749	0.780347509
ESTONIA	FRANCE	0.342128701	7479202281	0.877307323	1	0	164.9604256	0	1859.091	139.7	277028.1	35561126.1	10.145	0.867264924	0.156877968	0.271034483	0.453604325	0	0.4	0.867264924	0.834067173	0.867027768
ESTONIA	GERMANY	0.315265365	30398637876	0.818789374	1	0	169.3779508	0	1421.076	261.2	277028.1	46564922.9	10.0275	0.821925104	0.205045998	0.528965517	0.347786475	0	0.4	0.821925104	0.711990623	0.744443608
ESTONIA	GREECE	0.381933875	281506712	-0.538883514	1	0	4.555673947	0	2384.76	6.6	277028.1	3799627.6	9.910625	0.101442839	0.017845156	0.621724138	0.972601525	0	0	0.101442839	-0.120431912	0.22988695
ESTONIA	HUNGARY	0.21379649	2674090913	0.702874508	0	0	8.662713936	0	1377.818	10.8	277028.1	1790006.3	1.085625	0.773753792	0.009048238	0.137083333	0.5798032	0	0	0.773753792	0.803399981	0.798434539
ESTONIA	IRELAND	0.446703191	724631304	0.354462604	1	0	513.7514918	0	2005.127	37.6	277028.1	3176560.7	12.965	0.337827411	0.015117743	0.717931034	0.230591175	0	0.4	0.337827411	0.333189864	0.523501257
ESTONIA	ITALY	0.187019756	7054901882	0.587864097	1	0	171.2204386	0	2126.436	563	277028.1	28750637.2	8.2775	0.723136226	0.127065728	0.637241379	0.4108177	0	0.4	0.723136226	0.580101564	0.71651259
ESTONIA	LATVIA	0.171646437	26647607951	0.845577528	1	1	1920.40401	0	277.1711	4421.2	277028.1	334743.4	0.120625	0.92204715	0.002677969	0.57	0.27692615	0	0.1	0.92204715	0.93330638	0.930349523
ESTONIA	LITHUANIA	0.222106171	23785680269	0.88192124	1	0	1921.555391	0	527.9267	5441.7	277028.1	510304.1	3.773125	0.872747449	0.003446469	0.33	0.18476865	0	0.17	0.872747449	0.897156209	0.902232539
ESTONIA	LUXEMBOURG	0.596959679	156814822	0.576333833	1	0	143.3812369	0	1614.171	386.4	277028.1	707794.6	6.163125	0.675473881	0.004310964	0.13	0.16684845	0	0.4	0.675473881	0.667355572	0.711683149
ESTONIA	MALTA	0.322315895	35263558	0.119277551	1	0	37.39372447	0	2719.935	86.3	277028.1	121287	6.71	0.276223372	0.001743585	0.621724138	0.23679835	0	0.4	0.276223372	0.069857937	0.420944077
ESTONIA	NETHERLANDS	0.347322651	13109508858	0.663460344	1	0	256.636434	0	1459.083	1861	277028.1	11263201.5	9.085625	0.656487905	0.050516211	0.796551724	0.035731448	0	0.4	0.656487905	0.374822751	0.596965447
ESTONIA	POLAND	0.154307278	12106784094	0.642443009	0	0	120.4085903	0	831.0393	296.4	277028.1	6124098.5	6.465	0.361614751	0.028020297	0.11	0.995629775	0	0	0.361614751	0.181580811	0.231528584
ESTONIA	PORTUGAL	0.20127259	606008305	0.123944764	1	0	5576.694687	0	3311.847	11.1	277028.1	3134113.6	9.425	0.185258327	0.014931935	2.402068966	0.59381705	0	0.4	0.185258327	-0.105164399	0.209527051
ESTONIA	ROMANIA	0.375908445	865866443	0.37767688	0	0	42.74913495	0	1672.033	146.5	277028.1	2204179.5	7.145625	0.47620569	0.01086124	0.57	0.35620555	0	0	0.47620569	0.320444648	0.554667538
ESTONIA	SLOVAKIA	0.18232373	1088412430	0.72716106	1	0	32.37956103	0	1345.682	77.6	277028.1	1127072.6	5.563125	0.642680601	0.006146312	0.180952381	0.363691417	0	0.4	0.642680601	0.548380177	0.607504758
ESTONIA	SLOVENIA	0.197097008	473358351	0.706277468	1	0	0	0	1634.182	0.3	277028.1	624420.5	6.196875	0.687459989	0.003946002	0.438571429	0.46472945	0	0.4	0.687459989	0.468310813	0.655024465
ESTONIA	SPAIN	0.149470114	4084481867	0.499667764	1	0	1508.488128	0	2895.384	283.5	277028.1	18611818	8.255	0.445947248	0.082684052	0.629310345	0.474445	0	0.4	0.445947248	0.167852485	0.46526744
ESTONIA	SWEDEN	0.175447507	36971975711	0.75859099	0	0	1725.097845	0	377.9402	16706	277028.1	6515395.8	11.28375	0.779326571	0.029733162	0.578965517	0.298818675	0	0	0.779326571	0.736344104	0.814966681
ESTONIA	UK	0.361987868	9823649282	0.808971297	0	0	177.0455566	0	1787.092	852.7	277028.1	33488892.7	5.03375	0.865773698	0.147806972	0.950666667	0.153361	0	0	0.865773698	0.893145842	0.892374452
FINLAND	FRANCE	0.278172591	69467036126	0.900570751	1	0	3068.918881	0	1911.138	19371	3288534	35561126.1	2.2775	0.915757697	0.170060537	0.001034483	0.2678255	0	1	0.915757697	0.908911469	0.917699583
FINLAND	GERMANY	0.211312106	2.65E+11	0.910512197	1	0	10674.98524	0	1474.956	13837	3288534	46564922.9	2.16	0.904889024	0.218228567	0.256896552	0.16200765	0	1	0.904889024	0.934429051	0.838781553
FINLAND	GREECE	0.423233667	8256357226	-0.58886325	1	0	7.967273746	0	2465.045	11	3288534	3799627.6	2.043125	0.202494482	0.031027725	0.349655172	0.7868227	0	0	0.202494482	0.092021747	0.391907934
FINLAND	HUNGARY	0.181504093	12435990542	0.727139024	0	0	286.1893211	0	1457.984	67	3288534	1790006.3	8.953125	0.720065133	0.022230807	0.409152299	0.394024375	0	0	0.720065133	0.70061374	0.692244666
FINLAND	IRELAND	0.402409896	10187073908	0.328014283	1	0	13008.13343	0	2028.749	1916	3288534	3176560.7	5.0975	0.348635401	0.028300311	0.99	0.04481235	0	1	0.348635401	0.490158453	0.456058607
FINLAND	ITALY	0.243694428	56975703609	0.745535754	1	0	946.1212855	0	2203.158	6783.7	3288534	28750637.2	0.41	0.863785493	0.140248297	0.365172414	0.225038875	0	1	0.863785493	0.867593351	0.881482076
FINLAND	LATVIA	0.334383085	11552944182	0.69969825	1	0	339.6431817	0	358.1294	474	3288534	334743.4	7.746875	0.73455134	0.015860538	0.297931034	0.091147325	0	0.1	0.73455134	0.691939265	0.745221129
FINLAND	LITHUANIA	0.334631934	11053187687	0.790486959	1	0	106.3812743	0	606.8758	646.9	3288534	510304.1	4.094375	0.833562116	0.016629037	0.057931034	0.001010175	0	0.17	0.833562116	0.746724673	0.816011545
FINLAND	LUXEMBOURG	0.676782905	2152658400	0.520743236	1	0	5715.554644	0	1671.633	23053	3288534	707794.6	1.704375	0.676664276	0.017493532	0.142068966	0.018930375	0	1	0.676664276	0.740368593	0.71065067
FINLAND	MALTA	0.47568387	369044959	0.175428849	1	0	46.96007307	0	2799.607	658	3288534	121287	1.1575	0.35044373	0.014926154	0.349655172	0.051019525	0	0.5	0.35044373	0.311611341	0.388641817
FINLAND	NETHERLANDS	0.367477606	1.28E+11	0.825561669	1	0	19461.62195	0	1505.523	86688	3288534	11263201.5	1.218125	0.852646256	0.06369878	0.524482759	0.221510273	0	1	0.852646256	0.75187999	0.847653644
FINLAND	POLAND	0.313093474	33371989098	0.748340338	0	0	1520.817487	0	911.2882	2400.8	3288534	6124098.5	1.4025	0.59403535	0.041202866	0.162068966	0.80985095	0	0	0.59403535	0.494934268	0.559398254
FINLAND	PORTUGAL	0.255076948	7710131998	0.455978901	1	0	108.2009809	0	3362.978	123.3	3288534	3134113.6	1.5575	0.542875246	0.028114503	2.13	0.408038225	0	1	0.542875246	0.440071048	0.591469431
FINLAND	ROMANIA	0.304302059	3745736765	0.486182637	0	0	205.4771627	0	1750.842	157	3288534	2204179.5	15.013125	0.611961262	0.024043809	0.297931034	0.170426725	0	0	0.611961262	0.529308506	0.684708402
FINLAND	SLOVAKIA	0.269617684	5139063844	0.84509706	1	0	268.8251745	0	1424.061	323	3288534	1127072.6	2.304375	0.836424009	0.01932888	0.091116585	0.177912592	0	0.5	0.836424009	0.805616937	0.836251929
FINLAND	SLOVENIA	0.199567879	2053183658	0.811790043	1	0	26.42863304	0	1710.822	18.7	3288534	624420.5	1.670625	0.856849168	0.017128571	0.166502463	0.278950625	0	0.5	0.856849168	0.794671212	0.860759896
FINLAND	SPAIN	0.297749775	35047322061	0.686870811	1	0	861.2178281	0	2952.195	1868	3288534	18611818	0.3875	0.676057707	0.095866621	0.357241379	0.288666175	0	1	0.676057707	0.58736124	0.696614427
FINLAND	SWEDEN	0.142602981	2.27E+11	0.816850547	0	1	28273.53259	0	397.8922	195726.3	3288534	6515395.8	3.41625	0.824813037	0.042915731	0.306896552	0.11303985	0	0	0.824813037	0.845449232	0.833331262
FINLAND	UK	0.361080444	96734328041	0.621638759	0	0	5966.171475	0	1826.928	8612.2	3288534	33488892.7	2.83375	0.723325775	0.160989541	1.222735632	0.339139825	0	0	0.723325775	0.681949048	0.687706602
FRANCE	GERMANY	0.372042218	2.68E+12	0.917702308	1	1	68330.38877	0	439.8984	484407	35561126.1	46564922.9	0.1175	0.921812795	0.359498641	0.257931034	0.10581785	0	1	0.921812795	0.913942557	0.881677094
FRANCE	GREECE	0.275174998	58762898038	-0.627128745	1	0	5004.174897	0	2098.726	5292.9	35561126.1	3799627.6	0.234375	0.146276098	0.172297799	0.350689655	0.5189972	0	0	0.146276098	0.028756996	0.290310014
FRANCE	HUNGARY	0.363862603	1.07E+11	0.781156207	0	0	4439.974859	0	1247.24	12313.7	35561126.1	1790006.3	11.230625	0.770672949	0.163500881	0.408117816	0.126198875	0	0	0.770672949	0.747694459	0.741369628
FRANCE	IRELAND	0.59481833	1.64E+11	0.446116814	1	0	19326.81503	0	778.2031	90662	35561126.1	3176560.7	2.82	0.407874033	0.169570385	0.988965517	0.22301315	0	1	0.407874033	0.475416989	0.528797875
FRANCE	ITALY	0.241864314	1.27E+12	0.773547637	1	1	136830.2023	0	1109.901	289473.1	35561126.1	28750637.2	1.8675	0.895436106	0.281518371	0.366206897	0.042786625	0	1	0.895436106	0.862216689	0.890376607
FRANCE	LATVIA	0.36519182	6204052396	0.710130516	1	0	78.74112876	0	1704.598	460	35561126.1	334743.4	10.024375	0.783666757	0.157130611	0.298965517	0.176678175	0	0.1	0.783666757	0.747862963	0.798665989
FRANCE	LITHUANIA	0.557499773	18884497351	0.769120201	1	0	418.8398935	0	1700.296	797	35561126.1	510304.1	6.371875	0.792807151	0.157899111	0.058965517	0.268835675	0	0.17	0.792807151	0.729359961	0.806909762
FRANCE	LUXEMBOURG	0.510011001	78162119895	0.586199545	1	1	152204.8569	1	289.1023	519530	35561126.1	707794.6	3.981875	0.704671922	0.158763606	0.141034483	0.286755875	0	1	0.704671922	0.726700701	0.752830765
FRANCE	MALTA	0.301169486	11297129291	0.1663696	1	0	23.93098984	0	1752.693	2918.3	35561126.1	121287	3.435	0.296185874	0.156196227	0.350689655	0.216805975	0	0.5	0.296185874	0.158008461	0.393189588
FRANCE	NETHERLANDS	0.175077029	9.34E+11	0.852125839	1	0	151037.8434	0	427.9169	1014332	35561126.1	11263201.5	1.059375	0.820525281	0.204968854	0.525517241	0.489335773	0	1	0.820525281	0.707310636	0.801192972
FRANCE	POLAND	0.474859845	1.96E+11	0.768367454	0	0	16318.06041	1	1368.178	57996.9	35561126.1	6124098.5	3.68	0.56373351	0.18247294	0.161034483	0.54202545	0	0	0.56373351	0.525321904	0.480386051
FRANCE	PORTUGAL	0.226893621	1.66E+11	0.406310599	1	0	6467.96743	0	1452.86	17214.6	35561126.1	3134113.6	0.72	0.485805468	0.169384577	2.131034483	0.140212725	0	1	0.485805468	0.33930904	0.498946738
FRANCE	ROMANIA	0.580495908	92121092529	0.381982412	0	0	4336.374551	1	1875.018	16160	35561126.1	2204179.5	17.290625	0.50191007	0.165313883	0.298965517	0.097398775	0	0	0.50191007	0.375453988	0.581300592
FRANCE	SLOVAKIA	0.479648855	68654408171	0.744428072	1	0	2272.737237	0	1094.61	946.7	35561126.1	1127072.6	4.581875	0.705912458	0.160598954	0.090082102	0.089912908	0	0.5	0.705912458	0.666922824	0.710560994
FRANCE	SLOVENIA	0.36298571	39779846698	0.839606312	1	0	487.9811244	1	965.7366	2056.1	35561126.1	624420.5	3.948125	0.79360271	0.158398644	0.167536946	0.011125125	0	0.5	0.79360271	0.726176297	0.78364816
FRANCE	SPAIN	0.306016145	1.18E+12	0.663877071	1	1	43189.14699	0	1054.656	215550	35561126.1	18611818	1.89	0.591341909	0.237136694	0.358275862	0.020840675	0	1	0.591341909	0.475513121	0.594458496
FRANCE	SWEDEN	0.221826197	1.84E+11	0.866804007	0	0	6036.994184	0	1545.797	40035.7	35561126.1	6515395.8	1.13875	0.85128943	0.184185805	0.307931034	0.15478565	0	0	0.85128943	0.869495238	0.879496126
FRANCE	UK	0.141882361	9.89E+11	0.703858888	0	0	147070.2938	0	342.9475	675337.5	35561126.1	33488892.7	5.11125	0.774772054	0.302259614	1.221701149	0.606965325	0	0	0.774772054	0.733010684	0.768151227
GERMANY	GREECE	0.522935829	1.37E+11	-0.554894947	1	0	7052.63447	0	1990.582	17851.4	46564922.9	3799627.6	0.116875	0.133254365	0.220465829	0.092758621	0.62481505	0	0	0.133254365	0.194997222	0.111397155
GERMANY	HUNGARY	0.147963679	6.25E+11	0.794098239	0	0	10674.09809	0	976.2567	52713.8	46564922.9	1790006.3	11.113125	0.708173238	0.211668911	0.666048851	0.232016725	0	0	0.708173238	0.69193696	0.534687118
GERMANY	IRELAND	0.2699198	2.14E+11	0.480360177	1	0	16131.7861	0	920.8693	55219	46564922.9	3176560.7	2.9375	0.364705184	0.217738415	1.246896552	0.1171953	0	1	0.364705184	0.544946279	0.367737691
GERMANY	ITALY	0.232446318	1.80E+12	0.806163511	1	0	33606.07328	0	1146.023	263532	46564922.9	28750637.2	1.75	0.889474511	0.329686401	0.108275862	0.063031225	0	1	0.889474511	0.921674724	0.804213287
GERMANY	LATVIA	0.447164741	31738830737	0.730098704	1	0	566.341369	0	1265.433	2604	46564922.9	334743.4	9.906875	0.737608207	0.205298641	0.041034483	0.070860325	0	0.1	0.737608207	0.671527228	0.653286625
GERMANY	LITHUANIA	0.440643392	61910193069	0.78325024	1	0	507.1133407	0	1272.883	3879.5	46564922.9	510304.1	6.254375	0.797104061	0.206067141	0.198965517	0.163017825	0	0.17	0.797104061	0.679966766	0.718978156
GERMANY	LUXEMBOURG	0.640096373	1.34E+11	0.618344003	1	1	119961.3584	1	215.9864	873523	46564922.9	707794.6	3.864375	0.724307923	0.206931636	0.398965517	0.180938025	0	1	0.724307923	0.765033651	0.725529144
GERMANY	MALTA	0.442171885	10628121594	0.352502829	1	0	18468.30542	0	1833.687	45950.1	46564922.9	121287	3.3175	0.335265145	0.204364257	0.092758621	0.110988125	0	0.5	0.335265145	0.314861342	0.348474149
GERMANY	NETHERLANDS	0.414361864	2.84E+12	0.914288667	1	1	132067.5207	0	173.5239	1324369	46564922.9	11263201.5	0.941875	0.845869246	0.253136884	0.267586207	0.383517923	0	1	0.845869246	0.829964481	0.779521652
GERMANY	POLAND	0.361909711	1.03E+12	0.696812828	0	1	33663.60154	1	965.9211	111087.1	46564922.9	6124098.5	3.5625	0.523881105	0.23064097	0.418965517	0.6478433	0	0	0.523881105	0.577269152	0.463939528
GERMANY	PORTUGAL	0.386386725	2.22E+11	0.525398664	1	0	866.2103198	0	1892.032	17253.7	46564922.9	3134113.6	0.6025	0.514476055	0.217552607	1.873103448	0.246030575	0	1	0.514476055	0.52637902	0.439941128
GERMANY	ROMANIA	0.291606523	2.55E+11	0.479247667	0	0	8515.319405	0	1621.217	24253.7	46564922.9	2204179.5	17.173125	0.503633365	0.213481913	0.041034483	0.008419075	0	0	0.503633365	0.502953626	0.454843638
GERMANY	SLOVAKIA	0.274227874	2.96E+11	0.861653429	1	0	5909.09207	0	817.4212	14591.7	46564922.9	1127072.6	4.464375	0.774319319	0.208766984	0.348013136	0.015904942	0	0.5	0.774319319	0.805031035	0.713368994
GERMANY	SLOVENIA	0.176490066	1.39E+11	0.892485438	1	0	498.0196733	0	814.8665	3939.2	46564922.9	624420.5	3.830625	0.821670669	0.206566674	0.090394089	0.116942975	0	0.5	0.821670669	0.858733388	0.707892108
GERMANY	SPAIN	0.364035703	1.01E+12	0.801850004	1	0	68397.33574	0	1479.332	264346	46564922.9	18611818	1.7725	0.606043077	0.285304724	0.100344828	0.126658525	0	1	0.606043077	0.666091478	0.454715446
GERMANY	SWEDEN	0.233330093	5.43E+11	0.855794438	0	0	11981.8063	0	1118.929	138739.9	46564922.9	6515395.8	1.25625	0.838966005	0.232353835	0.05	0.0489678	0	0	0.838966005	0.852229112	0.798922977
GERMANY	UK	0.344749035	1.70E+12	0.696070227	0	0	145851.5923	0	495.3633	636053.5	46564922.9	33488892.7	4.99375	0.739279978	0.350427644	1.479632184	0.501147475	0	0	0.739279978	0.647532638	0.624526713
GREECE	HUNGARY	0.468616044	6724084272	-0.330906876	0	0	114.0731549	0	1123.943	4.7	3799627.6	1790006.3	10.99625	0.38410044	0.024468068	0.758807471	0.392798325	0	0	0.38410044	0.231681829	0.581051647
GREECE	IRELAND	0.749332536	6401338533	-0.253015175	1	0	37752.11646	0	2855.222	56.1	3799627.6	3176560.7	3.054375	0.373290565	0.030537573	1.339655172	0.74201035	0	0	0.373290565	0.54486353	0.560549251
GREECE	ITALY	0.315334518	1.32E+11	-0.552541257	1	0	2128.551491	0	1050.411	11446.5	3799627.6	28750637.2	1.633125	0.255004067	0.142485558	0.015517241	0.561783825	0	0	0.255004067	0.225016072	0.483651764
GREECE	LATVIA	0.353206827	300134491	-0.469508434	1	0	12.29112299	0	2109.292	0	3799627.6	334743.4	9.79	0.237409345	0.018097799	0.051724138	0.695675375	0	0	0.237409345	0.096949235	0.385714911
GREECE	LITHUANIA	0.478512668	773141561	-0.215816813	1	0	0	0	1860.701	1.9	3799627.6	510304.1	6.1375	0.267035046	0.018866299	0.291724138	0.787832875	0	0	0.267035046	0.072625516	0.366080442
GREECE	LUXEMBOURG	0.624808281	1413345206	-0.115886102	1	0	1764.917603	0	1904.941	17370.8	3799627.6	707794.6	3.7475	0.40730542	0.019730794	0.491724138	0.805753075	0	0	0.40730542	0.466398373	0.443529491
GREECE	MALTA	0.353076571	1415885535	0.293656859	1	0	267.0028527	0	850.6025	1313.9	3799627.6	121287	3.200625	0.578756866	0.017163415	0	0.735803175	0	0	0.578756866	0.557488965	0.585207612
GREECE	NETHERLANDS	0.392684193	52548261458	-0.54291809	1	0	3134.525865	0	2162.912	23576.9	3799627.6	11263201.5	0.825	0.438469264	0.065936042	0.174827586	1.008332973	0	0	0.438469264	0.517212231	0.57648766
GREECE	POLAND	0.453934738	11445640721	-0.519298697	0	0	933.1335975	0	1600.171	-465.2	3799627.6	6124098.5	3.445625	0.270623055	0.043440128	0.511724138	0.02302825	0	0	0.270623055	0.400768932	0.32419679
GREECE	PORTUGAL	0.225168318	4380452687	-0.168800134	1	0	513.2007119	0	2853.773	18.3	3799627.6	3134113.6	0.485625	0.526718078	0.030351765	1.780344828	0.378784475	0	0	0.526718078	0.589483318	0.709123404
GREECE	ROMANIA	0.65297974	20278369225	0.135634557	0	0	142.7512013	1	741.4337	10259.6	3799627.6	2204179.5	17.05625	0.615537067	0.026281071	0.051724138	0.616395975	0	0	0.615537067	0.560625376	0.747650367
GREECE	SLOVAKIA	0.495342175	3367655283	-0.241242724	1	0	7.965287593	0	1249.986	-18.3	3799627.6	1127072.6	4.3475	0.467840708	0.021566142	0.440771757	0.608910108	0	0	0.467840708	0.537806395	0.555834037
GREECE	SLOVENIA	0.474260042	3144844732	-0.363359721	1	0	30.18460713	0	1176.784	71.8	3799627.6	624420.5	3.71375	0.523717538	0.019365832	0.183152709	0.507872075	0	0	0.523717538	0.556248722	0.703721003
GREECE	SPAIN	0.295800114	43061055863	-0.552080464	1	0	4780.338298	0	2372.903	3737.2	3799627.6	18611818	1.655625	0.63721251	0.098103882	0.007586207	0.498156525	0	0	0.63721251	0.68455417	0.83363038
GREECE	SWEDEN	0.408862224	10492157166	-0.568355109	0	0	102.5607966	0	2408.377	540.7	3799627.6	6515395.8	1.373125	0.182783508	0.045152993	0.042758621	0.67378285	0	0	0.182783508	0.155159366	0.330130249
GREECE	UK	0.296580618	44525754971	-0.208306785	0	0	700.6523838	0	2394.85	1729.7	3799627.6	33488892.7	4.876875	0.26534672	0.163226802	1.572390805	1.125962525	0	0	0.26534672	0.123879564	0.385848942
HUNGARY	IRELAND	0.289932166	7072565523	0.47784361	0	0	37671.58472	0	1895.995	75150.1	1790006.3	3176560.7	14.050625	0.519732146	0.021740655	0.580847701	0.349212025	0	0	0.519732146	0.598717897	0.74830593
HUNGARY	ITALY	0.225423006	1.21E+11	0.581464887	0	0	2973.101072	0	811.4083	10009.6	1790006.3	28750637.2	9.363125	0.761975892	0.13368864	0.774324713	0.1689855	0	0	0.761975892	0.653762123	0.760910566
HUNGARY	LATVIA	0.316365339	2170763828	0.534393769	0	0	2.373309849	0	1105.945	4	1790006.3	334743.4	1.20625	0.729321998	0.009300881	0.707083333	0.30287705	0	0	0.729321998	0.808822666	0.792596256
HUNGARY	LITHUANIA	0.319695177	3897050000	0.68579209	0	0	8.955536277	0	910.8107	61.1	1790006.3	510304.1	4.85875	0.755664859	0.010069381	0.467083333	0.39503455	0	0	0.755664859	0.80835859	0.789836111
HUNGARY	LUXEMBOURG	0.642004925	1731519878	0.446349677	0	0	9032.662652	0	977.394	197615	1790006.3	707794.6	7.24875	0.660870097	0.010933876	0.267083333	0.41295475	0	0	0.660870097	0.771254956	0.666868885
HUNGARY	MALTA	0.394585295	371407253	0.400073264	0	0	40.15723535	0	1343.903	1867.8	1790006.3	121287	7.795625	0.565690733	0.008366497	0.758807471	0.34300485	0	0	0.565690733	0.400531153	0.680272868
HUNGARY	NETHERLANDS	0.351141253	83220787600	0.710484509	0	0	494.9597582	0	1145.901	87318.4	1790006.3	11263201.5	10.17125	0.70126527	0.057139124	0.933635057	0.615534648	0	0	0.70126527	0.508385057	0.625575832
HUNGARY	POLAND	0.253144494	84989931934	0.556447768	0	0	981.121208	0	546.806	5359.4	1790006.3	6124098.5	7.550625	0.353820565	0.034643209	0.247083333	0.415826575	0	0	0.353820565	0.225999445	0.134513419
HUNGARY	PORTUGAL	0.32494496	6049003559	0.513319747	0	0	336.8216437	0	2471.427	2121.3	1790006.3	3134113.6	10.510625	0.456715583	0.021554847	2.539152299	0.01401385	0	0	0.456715583	0.191473134	0.496871
HUNGARY	ROMANIA	0.298846439	85839106768	0.424967795	0	1	888.1306445	1	645.1553	4242.1	1790006.3	2204179.5	6.06	0.601002968	0.017484153	0.707083333	0.22359765	0	0	0.601002968	0.561705973	0.699369797
HUNGARY	SLOVAKIA	0.167551479	92518960631	0.692222593	0	1	1837.459648	0	159.0699	7384.4	1790006.3	1127072.6	6.64875	0.642765775	0.012769224	0.318035714	0.216111783	0	0	0.642765775	0.691440346	0.564931334
HUNGARY	SLOVENIA	0.084867178	26794371981	0.73958431	0	1	403.841936	0	381.6249	234.7	1790006.3	624420.5	7.2825	0.760745159	0.010568914	0.575654762	0.11507375	0	0	0.760745159	0.617361033	0.745513821
HUNGARY	SPAIN	0.293012306	46697790652	0.55067545	0	0	11300.55126	0	1977.705	3388.4	1790006.3	18611818	9.340625	0.636869551	0.089306964	0.766393678	0.1053582	0	0	0.636869551	0.4174473	0.707719665
HUNGARY	SWEDEN	0.161117162	22972461803	0.734071818	0	0	131.9391052	0	1318.564	2760.6	1790006.3	6515395.8	12.369375	0.760590753	0.036356075	0.716048851	0.280984525	0	0	0.760590753	0.768752405	0.764745461
HUNGARY	UK	0.376215864	72476818224	0.613547702	0	0	7642.885854	0	1453.666	5903	1790006.3	33488892.7	6.119375	0.836121357	0.154429884	0.813583333	0.7331642	0	0	0.836121357	0.883471198	0.884977977
IRELAND	ITALY	0.460905922	88179715007	0.449242232	1	0	15777.95931	0	1887.733	44777.6	3176560.7	28750637.2	4.6875	0.543100417	0.139758145	1.355172414	0.180226525	0	1	0.543100417	0.651037545	0.658325061
IRELAND	LATVIA	0.580568706	1475586190	0.086451879	1	0	0	0	1954.941	4	3176560.7	334743.4	12.844375	0.352169702	0.015370386	1.287931034	0.046334975	0	0.1	0.352169702	0.439650863	0.547016455
IRELAND	LITHUANIA	0.519103898	1796732212	0.215482082	1	0	0	0	2052.635	-45.2	3176560.7	510304.1	9.191875	0.277296004	0.016138885	1.047931034	0.045822525	0	0.17	0.277296004	0.324360968	0.47842263
IRELAND	LUXEMBOURG	0.661491198	2551353699	0.352215196	1	0	83964.17499	0	953.1994	1947300	3176560.7	707794.6	6.801875	0.467366828	0.01700338	0.847931034	0.063742725	0	1	0.467366828	0.683368245	0.57372366
IRELAND	MALTA	0.536793292	508130613	0.660378433	1	0	0	0	2525.637	-2.5	3176560.7	121287	6.255	0.642481031	0.014436001	1.339655172	0.006207175	0	0.5	0.642481031	0.695227143	0.7326835
IRELAND	NETHERLANDS	0.476609768	1.40E+11	0.5029393	1	0	32754.28206	0	756.7269	812739	3176560.7	11263201.5	3.879375	0.508374275	0.063208628	1.514482759	0.266322623	0	1	0.508374275	0.674021432	0.552048037
IRELAND	POLAND	0.441284218	17840144766	0.493169648	0	0	0	0	1826.82	987.7	3176560.7	6124098.5	6.5	0.412449004	0.040712714	0.827931034	0.7650386	0	0	0.412449004	0.498178895	0.159869889
IRELAND	PORTUGAL	0.563428706	11580507806	0.525952528	1	0	0	0	1639.821	3162.6	3176560.7	3134113.6	3.54	0.519615237	0.027624351	3.12	0.363225875	0	1	0.519615237	0.606306279	0.56762999
IRELAND	ROMANIA	0.379283881	5577088977	-0.115481234	0	0	0	0	2541.149	671	3176560.7	2204179.5	20.110625	0.250072708	0.023553657	1.287931034	0.125614375	0	0	0.250072708	0.535633351	0.469189257
IRELAND	SLOVAKIA	0.381148925	2796666234	0.371496064	1	0	0	0	1736.948	1042	3176560.7	1127072.6	7.401875	0.418805971	0.018838728	0.898883415	0.133100242	0	0.5	0.418805971	0.704491581	0.422114878
IRELAND	SLOVENIA	0.319119582	1431620196	0.421229065	1	0	0	0	1689.878	8	3176560.7	624420.5	6.768125	0.463477922	0.016638419	1.156502463	0.234138275	0	0.5	0.463477922	0.665843413	0.589901355
IRELAND	SPAIN	0.556151655	78591939365	0.718368278	1	0	12758.65544	0	1450.236	38761	3176560.7	18611818	4.71	0.659418953	0.095376469	1.347241379	0.243853825	0	1	0.659418953	0.786328842	0.719809942
IRELAND	SWEDEN	0.388075666	35435323883	0.663077044	0	0	0	0	1631.147	14760.9	3176560.7	6515395.8	1.68125	0.577169361	0.042425579	1.296896552	0.0682275	0	0	0.577169361	0.675079029	0.666685845
IRELAND	UK	0.52822695	6.66E+11	0.392892795	0	1	63925.11421	0	460.4115	519868.5	3176560.7	33488892.7	7.93125	0.438940505	0.160499389	0.232735632	0.383952175	0	0	0.438940505	0.477650576	0.660720392
ITALY	LATVIA	0.263878105	8400113337	0.418780763	1	0	16.00741939	0	1869.574	225.3	28750637.2	334743.4	8.156875	0.617621449	0.127318371	0.067241379	0.13389155	0	0.1	0.617621449	0.510327784	0.653800689
ITALY	LITHUANIA	0.367600712	18319442066	0.507098979	1	0	36.2086366	0	1706.051	155.1	28750637.2	510304.1	4.504375	0.640270477	0.128086871	0.307241379	0.22604905	0	0.17	0.640270477	0.500067692	0.664679774
ITALY	LUXEMBOURG	0.587557671	22923515005	0.766525964	1	0	91148.3715	0	989.5763	320342.8	28750637.2	707794.6	2.114375	0.705800112	0.128951366	0.507241379	0.24396925	0	1	0.705800112	0.729174131	0.725648738
ITALY	MALTA	0.300039189	20817493989	0.287399617	1	0	494.4973922	0	688.7803	2165.7	28750637.2	121287	1.5675	0.45495878	0.126383987	0.015517241	0.17401935	0	0.5	0.45495878	0.337596604	0.52452687
ITALY	NETHERLANDS	0.285228088	4.94E+11	0.76637454	1	0	93035.44368	0	1297.695	738004.8	28750637.2	11263201.5	0.808125	0.865224562	0.175156614	0.159310345	0.446549148	0	1	0.865224562	0.838315528	0.869512359
ITALY	POLAND	0.288974506	2.09E+11	0.621988891	0	0	7298.892717	0	1319.479	42395.4	28750637.2	6124098.5	1.8125	0.606168668	0.152660699	0.527241379	0.584812075	0	0	0.606168668	0.663784435	0.512390912
ITALY	PORTUGAL	0.197473949	82329902784	0.559132373	1	0	1453.202607	0	1864.041	14625.2	28750637.2	3134113.6	1.1475	0.681761007	0.139572337	1.764827586	0.18299935	0	1	0.681761007	0.63520445	0.735023187
ITALY	ROMANIA	0.441766928	1.88E+11	0.231925447	0	0	4067.329339	1	1139.559	20349.7	28750637.2	2204179.5	15.423125	0.424493201	0.135501642	0.067241379	0.05461215	0	0	0.424493201	0.37623813	0.574987862
ITALY	SLOVAKIA	0.296036089	65776220270	0.602271364	1	0	1184.956328	1	789.4631	11675.2	28750637.2	1127072.6	2.714375	0.692362083	0.130786714	0.456288998	0.047126283	0	0.5	0.692362083	0.71767379	0.709307334
ITALY	SLOVENIA	0.182797476	1.02E+11	0.744676127	1	1	1229.153495	1	492.3427	4590.3	28750637.2	624420.5	2.080625	0.823072683	0.128586404	0.198669951	0.05391175	0	0.5	0.823072683	0.824652813	0.860793725
ITALY	SPAIN	0.182631395	6.14E+11	0.783484553	1	0	47181.73174	0	1366.76	171569.3	28750637.2	18611818	0.0225	0.76003855	0.207324454	0.007931034	0.0636273	0	1	0.76003855	0.741084568	0.799333709
ITALY	SWEDEN	0.174752782	1.20E+11	0.773739177	0	0	1501.039673	0	1980.122	30022.4	28750637.2	6515395.8	3.00625	0.900374604	0.154373565	0.058275862	0.111999025	0	0	0.900374604	0.891349469	0.894986881
ITALY	UK	0.24250869	5.32E+11	0.642519156	0	0	20456.89151	0	1438.425	134132.5	28750637.2	33488892.7	3.24375	0.708037751	0.272447374	1.587908046	0.5641787	0	0	0.708037751	0.567083037	0.695846673
LATVIA	LITHUANIA	0.219665461	46505645789	0.806990482	1	1	861.6261232	0	263.4897	2224.1	334743.4	510304.1	3.6525	0.903082211	0.003699112	0.24	0.0921575	0	0.1	0.903082211	0.921579305	0.923272576
LATVIA	LUXEMBOURG	0.638870993	238269732	0.38387546	1	0	736.3912789	0	1440.968	645	334743.4	707794.6	6.0425	0.643675632	0.004563607	0.44	0.1100777	0	0.1	0.643675632	0.709892843	0.690232317
LATVIA	MALTA	0.331673831	25006579	-0.015971359	1	0	14.11057568	0	2449.608	14	334743.4	121287	6.589375	0.309147768	0.001996228	0.051724138	0.0401278	0	0.1	0.309147768	0.245879743	0.451609811
LATVIA	NETHERLANDS	0.358678895	11920809965	0.6145448	1	0	54263.49593	0	1332.481	381	334743.4	11263201.5	8.965	0.658342092	0.050768854	0.226551724	0.312657598	0	0.1	0.658342092	0.435119257	0.634989051
LATVIA	POLAND	0.225685975	17276932915	0.440349969	0	0	73.6286359	0	559.8441	496.3	334743.4	6124098.5	6.344375	0.374131864	0.02827294	0.46	0.718703625	0	0	0.374131864	0.172622966	0.284930018
LATVIA	PORTUGAL	0.209575127	488898451	0.065991514	1	0	932.015495	0	3152.139	13.9	334743.4	3134113.6	9.304375	0.156217274	0.015184578	1.832068966	0.3168909	0	0.1	0.156217274	-0.052932096	0.24315191
LATVIA	ROMANIA	0.462649178	516437845	0.533188887	0	0	18.49243639	0	1402.022	3	334743.4	2204179.5	7.26625	0.60674153	0.011113883	0	0.0792794	0	0	0.60674153	0.527807868	0.699926792
LATVIA	SLOVAKIA	0.289061985	2341421715	0.735029145	1	0	360.8143436	0	1083.025	69	334743.4	1127072.6	5.4425	0.684909375	0.006398955	0.389047619	0.086765267	0	0.1	0.684909375	0.671270054	0.680076901
LATVIA	SLOVENIA	0.3170161	550669413	0.639240921	1	0	9.097916007	0	1378.849	3.3	334743.4	624420.5	6.07625	0.711509681	0.004198645	0.131428571	0.1878033	0	0.1	0.711509681	0.545808874	0.719000894
LATVIA	SPAIN	0.150180125	4427152385	0.416817336	1	0	13689.536	0	2715.85	17	334743.4	18611818	8.134375	0.499167062	0.082936695	0.059310345	0.19751885	0	0.1	0.499167062	0.28881475	0.559783919
LATVIA	SWEDEN	0.298517545	13992257114	0.466243516	0	0	310.0700254	0	441.6495	10099.4	334743.4	6515395.8	11.163125	0.646765525	0.029985805	0.008965517	0.021892525	0	0	0.646765525	0.650258107	0.706838434
LATVIA	UK	0.386887019	15915165781	0.525632661	0	0	318.0545004	0	1680.389	352.1	334743.4	33488892.7	4.913125	0.825522152	0.148059615	1.520666667	0.43028715	0	0	0.825522152	0.88281113	0.860159039
LITHUANIA	LUXEMBOURG	0.78769675	543334666	0.595453392	1	0	0	0	1420.353	816.8	510304.1	707794.6	2.39	0.659952938	0.005332106	0.2	0.0179202	0	0.17	0.659952938	0.696848381	0.711275505
LITHUANIA	MALTA	0.476561009	31405910	0.290874085	1	0	0	0	2248.596	0	510304.1	121287	2.936875	0.394104937	0.002764727	0.291724138	0.0520297	0	0.17	0.394104937	0.217299195	0.507228976
LITHUANIA	NETHERLANDS	0.491095568	21311492068	0.644697861	1	0	20544.64657	0	1370.703	3559.4	510304.1	11263201.5	5.3125	0.702755531	0.051537354	0.466551724	0.220500098	0	0.17	0.702755531	0.385643167	0.645466349
LITHUANIA	POLAND	0.159397863	39589057893	0.545586171	0	1	3685.793452	0	393.7521	5396.9	510304.1	6124098.5	2.691875	0.348768989	0.02904144	0.22	0.810861125	0	0	0.348768989	0.086334736	0.259762844
LITHUANIA	PORTUGAL	0.352508544	1208936004	0.140641932	1	0	86.88203388	0	3123.619	0	510304.1	3134113.6	5.651875	0.229324684	0.015953077	2.072068966	0.4090484	0	0.17	0.229324684	-0.065514066	0.264360011
LITHUANIA	ROMANIA	0.428002744	1213497454	0.672533672	0	0	16.48829738	0	1144.111	38.9	510304.1	2204179.5	10.91875	0.706831515	0.011882383	0.24	0.1714369	0	0	0.706831515	0.548542932	0.734415775
LITHUANIA	SLOVAKIA	0.225565889	2249051103	0.874766858	1	0	45.43237323	0	918.5131	29.1	510304.1	1127072.6	1.79	0.821224656	0.007167454	0.149047619	0.178922767	0	0.17	0.821224656	0.703113777	0.758071126
LITHUANIA	SLOVENIA	0.272712546	1239951038	0.755596581	1	0	0	0	1225.651	3	510304.1	624420.5	2.42375	0.776299156	0.004967144	0.108571429	0.2799608	0	0.17	0.776299156	0.528761562	0.737722344
LITHUANIA	SPAIN	0.323133488	14503159840	0.418504401	1	0	9190.196915	0	2666.384	18.8	510304.1	18611818	4.481875	0.500815284	0.083705194	0.299310345	0.28967635	0	0.17	0.500815284	0.233404368	0.525706385
LITHUANIA	SWEDEN	0.351564557	19734097724	0.633053058	0	0	1170.688052	0	677.4822	11247.8	510304.1	6515395.8	7.510625	0.66569177	0.030754305	0.248965517	0.114050025	0	0	0.66569177	0.633373551	0.724992222
LITHUANIA	UK	0.581787791	17244926820	0.802379128	0	0	127.0614123	0	1729.554	526.4	510304.1	33488892.7	1.260625	0.843843467	0.148828115	1.280666667	0.33812965	0	0	0.843843467	0.893957772	0.873767411
LUXEMBOURG	MALTA	0.51954382	18308861	0.418640582	1	0	4893.557064	0	1669.155	49816	707794.6	121287	0.546875	0.497662635	0.003629223	0.491724138	0.0699499	0	0.5	0.497662635	0.508007931	0.558653732
LUXEMBOURG	NETHERLANDS	0.482231324	36220428643	0.500965328	1	0	330768.5026	0	318.3489	4399411	707794.6	11263201.5	2.9225	0.656468938	0.052401849	0.666551724	0.202579898	0	1	0.656468938	0.641985687	0.671866275
LUXEMBOURG	POLAND	0.707110137	7092102726	0.350564204	0	0	19979.65608	0	1080.571	90075.7	707794.6	6124098.5	0.301875	0.416177669	0.029905935	0.02	0.828781325	0	0	0.416177669	0.403078567	0.378809421
LUXEMBOURG	PORTUGAL	0.612101563	2979031061	0.425379791	1	0	29914.19162	0	1711.773	63481.7	707794.6	3134113.6	3.261875	0.535610597	0.016817572	2.272068966	0.4269686	0	1	0.535610597	0.466794196	0.523785302
LUXEMBOURG	ROMANIA	0.837629189	1166778083	0.303509809	0	0	567.7376203	0	1615.444	5253.4	707794.6	2204179.5	13.30875	0.418187949	0.012746878	0.44	0.1893571	0	0	0.418187949	0.567925895	0.529373032
LUXEMBOURG	SLOVAKIA	0.720141263	2158726818	0.563694312	1	0	3433.160479	0	821.1423	14500.5	707794.6	1127072.6	0.6	0.642529764	0.008031949	0.050952381	0.196842967	0	0.5	0.642529764	0.802095505	0.674948912
LUXEMBOURG	SLOVENIA	0.652133675	1421480338	0.613596311	1	0	235.3810445	0	736.8185	1207.9	707794.6	624420.5	0.03375	0.696893982	0.00583164	0.308571429	0.297881	0	0.5	0.696893982	0.739672474	0.710642837
LUXEMBOURG	SPAIN	0.621348663	14087684698	0.504504441	1	0	37542.66707	0	1281.233	203530	707794.6	18611818	2.091875	0.58677117	0.08456969	0.499310345	0.30759655	0	1	0.58677117	0.62066836	0.575955043
LUXEMBOURG	SWEDEN	0.57346847	6829699050	0.585129052	0	0	54609.05608	0	1325.934	241639.3	707794.6	6515395.8	5.120625	0.724655421	0.0316188	0.448965517	0.131970225	0	0	0.724655421	0.774834574	0.765964449
LUXEMBOURG	UK	0.408776739	23197936710	0.81349972	0	0	358480.4316	0	494.0174	2559765.7	707794.6	33488892.7	1.129375	0.766759933	0.14969261	1.080666667	0.32020945	0	0	0.766759933	0.787602482	0.761369372
MALTA	NETHERLANDS	0.239503312	4548194251	0.390656278	1	0	0	0	1981.948	882.7	121287	11263201.5	2.375625	0.529278385	0.04983447	0.174827586	0.272529798	0	0.5	0.529278385	0.470156812	0.533350394
MALTA	POLAND	0.378782616	864363458	0.114683982	0	0	0	0	1889.904	1718.6	121287	6124098.5	0.245	0.278623384	0.027338556	0.511724138	0.758831425	0	0	0.278623384	0.190961089	0.064698305
MALTA	PORTUGAL	0.283005344	577441740	0.496683275	1	0	0	0	2112.431	502.1	121287	3134113.6	2.715	0.531161146	0.014250194	1.780344828	0.3570187	0	0.5	0.531161146	0.548133901	0.510923282
MALTA	ROMANIA	0.684817462	1047819603	0.224451271	0	0	0	0	1364.676	62.3	121287	2204179.5	13.855625	0.500969034	0.010179499	0.051724138	0.1194072	0	0	0.500969034	0.777281124	0.559810284
MALTA	SLOVAKIA	0.448087899	207750977	0.48559535	1	0	0	0	1382.29	0	121287	1127072.6	1.146875	0.557157036	0.00546457	0.440771757	0.126893067	0	0.5	0.557157036	0.663927929	0.488937083
MALTA	SLOVENIA	0.367263867	171886697	0.444482425	1	0	0	0	1131.545	0	121287	624420.5	0.513125	0.58000933	0.003264261	0.183152709	0.2279311	0	0.5	0.58000933	0.520763381	0.601730546
MALTA	SPAIN	0.272898406	4511816189	0.528613853	1	0	0	0	1670.797	2427.3	121287	18611818	1.545	0.690111583	0.082002311	0.007586207	0.23764665	0	0.5	0.690111583	0.575759888	0.645849372
MALTA	SWEDEN	0.334741858	1069717002	0.387674457	0	0	0	0	2620.794	3924.6	121287	6515395.8	4.57375	0.457966307	0.029051421	0.042758621	0.062020325	0	0	0.457966307	0.304977352	0.523787181
MALTA	UK	0.239207508	11848967984	0.393667027	0	0	0	0	2092.273	3461	121287	33488892.7	1.67625	0.456821208	0.147125231	1.572390805	0.39015935	0	0	0.456821208	0.25986032	0.603776497
NETHERLANDS	POLAND	0.404657254	1.90E+11	0.681291108	0	0	5557.243128	1	1093.599	93789.6	11263201.5	6124098.5	2.620625	0.675721851	0.076111183	0.686551724	1.031361223	0	0	0.675721851	0.802203148	0.656339546
NETHERLANDS	PORTUGAL	0.243639961	74801359879	0.549251338	1	0	23327.69135	0	1862.043	137986.2	11263201.5	3134113.6	0.339375	0.735183495	0.06302282	1.605517241	0.629548498	0	1	0.735183495	0.79009141	0.783465301
NETHERLANDS	ROMANIA	0.633931475	43890929672	0.454578021	0	0	4332.780409	0	1790.145	39313.9	11263201.5	2204179.5	16.23125	0.697726797	0.058952126	0.226551724	0.391936998	0	0	0.697726797	0.583728115	0.743975193
NETHERLANDS	SLOVAKIA	0.442887192	37486697976	0.782979014	1	0	1218.335981	0	987.487	41768.1	11263201.5	1127072.6	3.5225	0.857226727	0.054237197	0.615599343	0.399422864	0	0.5	0.857226727	0.81089151	0.861845066
NETHERLANDS	SLOVENIA	0.328371937	17029521907	0.918423751	1	0	1456.503985	0	986.5178	2760.7	11263201.5	624420.5	2.88875	0.936474798	0.052036887	0.357980296	0.500460898	0	0.5	0.936474798	0.952945498	0.936338599
NETHERLANDS	SPAIN	0.312199364	3.29E+11	0.846933293	1	0	57548.7192	0	1481.366	675854	11263201.5	18611818	0.830625	0.86561327	0.130774937	0.167241379	0.510176448	0	1	0.86561327	0.902628346	0.842269123
NETHERLANDS	SWEDEN	0.240761978	2.30E+11	0.789117425	0	0	25260.78923	0	1128.93	294234.8	11263201.5	6515395.8	2.198125	0.758999831	0.077824048	0.217586207	0.334550123	0	0	0.758999831	0.701403102	0.737054243
NETHERLANDS	UK	0.188752861	1.00E+12	0.518910978	0	0	208576.54	0	360.315	2690974.3	11263201.5	33488892.7	4.051875	0.61295962	0.195897857	1.747218391	0.117629553	0	0	0.61295962	0.36977642	0.542668592
POLAND	PORTUGAL	0.287918321	11615510447	0.29079678	0	0	2024.932703	0	2760.441	6235.7	6124098.5	3134113.6	2.96	0.536197209	0.040526906	2.292068966	0.401812725	0	0	0.536197209	0.67626812	0.490397948
POLAND	ROMANIA	0.409655846	39641846171	0.198956188	0	0	612.4259489	0	949.9037	2004.4	6124098.5	2204179.5	13.610625	0.42981666	0.036456212	0.46	0.639424225	0	0	0.42981666	0.181108161	0.411904111
POLAND	SLOVAKIA	0.137756632	91934164861	0.575913538	0	1	333.3604198	0	530.0169	2022.9	6124098.5	1127072.6	0.901875	0.548920144	0.031741283	0.070952381	0.631938358	0	0	0.548920144	0.466130934	0.631290312
POLAND	SLOVENIA	0.203507349	16183901483	0.656135342	0	0	64.42236768	0	834.402	286.3	6124098.5	624420.5	0.268125	0.643174218	0.029540973	0.328571429	0.530900325	0	0	0.643174218	0.726485625	0.584039104
POLAND	SPAIN	0.219321619	87582794486	0.63350143	0	0	13111.85961	0	2293.005	33595.6	6124098.5	18611818	1.79	0.652689532	0.108279023	0.519310345	0.521184775	0	0	0.652689532	0.715819737	0.505209254
POLAND	SWEDEN	0.278030837	99803256269	0.758649022	0	0	2207.016026	0	809.0182	7207.6	6124098.5	6515395.8	4.81875	0.510104168	0.055328134	0.468965517	0.6968111	0	0	0.510104168	0.556133826	0.403475269
POLAND	UK	0.497442725	1.71E+11	0.485349022	0	0	8289.544218	0	1451.644	31050.6	6124098.5	33488892.7	1.43125	0.311464949	0.173401943	1.060666667	1.148990775	0	0	0.311464949	0.140400281	0.123675765
PORTUGAL	ROMANIA	0.505482899	5285414017	0.092084275	0	0	291.9919199	0	2978.071	1033.3	3134113.6	2204179.5	16.570625	0.387042098	0.023367849	1.832068966	0.2376115	0	0	0.387042098	0.406994696	0.539256556
PORTUGAL	SLOVAKIA	0.326148879	3440691042	0.43377099	1	0	117.2001415	0	2354.293	0	3134113.6	1127072.6	3.861875	0.567369222	0.01865292	2.221116585	0.230125633	0	0.5	0.567369222	0.568309732	0.601308582
PORTUGAL	SLOVENIA	0.272897338	1564265782	0.458994269	1	0	0	0	2096.808	13.2	3134113.6	624420.5	3.228125	0.698564404	0.016452611	1.963497537	0.1290876	0	0.5	0.698564404	0.730608301	0.77681326
PORTUGAL	SPAIN	0.130140684	4.43E+11	0.644069353	1	1	27403.9279	0	500.9223	128379.4	3134113.6	18611818	1.17	0.811200683	0.095190661	1.772758621	0.11937205	0	1	0.811200683	0.831638913	0.859717457
PORTUGAL	SWEDEN	0.22618382	17491861136	0.516948685	0	0	342.7745536	0	2990.966	7450.6	3134113.6	6515395.8	1.85875	0.564627253	0.042239771	1.823103448	0.294998375	0	0	0.564627253	0.443520004	0.546942346
PORTUGAL	UK	0.275966075	85282582364	0.237906972	0	0	8155.127366	0	1583.091	19810	3134113.6	33488892.7	4.39125	0.288608358	0.160313581	3.352735632	0.74717805	0	0	0.288608358	-0.000705728	0.300170271
ROMANIA	SLOVAKIA	0.275758849	21809796466	0.659378673	0	0	14.75869893	0	804.2042	59.1	2204179.5	1127072.6	12.70875	0.764598701	0.014582226	0.389047619	0.007485867	0	0	0.764598701	0.814574755	0.789135462
ROMANIA	SLOVENIA	0.34020368	8235752237	0.540586665	0	0	0	0	927.813	104.4	2204179.5	624420.5	13.3425	0.774718105	0.012381916	0.131428571	0.1085239	0	0	0.774718105	0.670094515	0.840371144
ROMANIA	SPAIN	0.46228289	36447236551	0.174818809	0	0	2911.033382	0	2477.149	4910.8	2204179.5	18611818	15.400625	0.638234601	0.091119966	0.059310345	0.11823945	0	0	0.638234601	0.563415183	0.762306327
ROMANIA	SWEDEN	0.418070933	8658269304	0.170519146	0	0	0	0	1746.583	2096.5	2204179.5	6515395.8	18.429375	0.345479813	0.038169077	0.008965517	0.057386875	0	0	0.345479813	0.342892035	0.47289463
ROMANIA	UK	0.605999029	41573048389	0.364709525	0	0	1156.601115	0	2097.38	4431.5	2204179.5	33488892.7	12.179375	0.469396927	0.156242886	1.520666667	0.50956655	0	0	0.469396927	0.43547196	0.574313244
SLOVAKIA	SLOVENIA	0.14248672	15876169455	0.834109271	1	0	60.24070149	0	308.8653	73.4	1127072.6	624420.5	0.63375	0.87478748	0.007666987	0.257619048	0.101038033	0	0.5	0.87478748	0.884687269	0.872785926
SLOVAKIA	SPAIN	0.239475754	24691191980	0.668364057	1	0	479.2925877	0	1865.664	1240	1127072.6	18611818	2.691875	0.755031868	0.086405037	0.448357964	0.110753583	0	0.5	0.755031868	0.782365604	0.727132929
SLOVAKIA	SWEDEN	0.275840672	13485679555	0.702868076	0	0	0	0	1244.273	690.1	1127072.6	6515395.8	5.720625	0.68938466	0.033454148	0.398013136	0.064872742	0	0	0.68938466	0.708446624	0.676989065
SLOVAKIA	UK	0.501686978	36260510823	0.663015276	0	0	436.165834	0	1294.938	2327.9	1127072.6	33488892.7	0.529375	0.651155407	0.151527958	1.131619048	0.517052417	0	0	0.651155407	0.644622353	0.566432152
SLOVENIA	SPAIN	0.259211056	12750870191	0.745731026	1	0	42.7125355	0	1600.555	111.2	624420.5	18611818	2.058125	0.867365081	0.084204728	0.190738916	0.00971555	0	0.5	0.867365081	0.877712799	0.90073369
SLOVENIA	SWEDEN	0.164070629	5017229660	0.759034633	0	0	58.25586956	0	1495.673	303.8	624420.5	6515395.8	5.086875	0.728932238	0.031253838	0.140394089	0.165910775	0	0	0.728932238	0.722909811	0.733869354
SLOVENIA	UK	0.381940359	11170746811	0.602367237	0	0	124.5296254	0	1230.756	609	624420.5	33488892.7	1.163125	0.669580235	0.149327648	1.389238095	0.61809045	0	0	0.669580235	0.493641538	0.641182297
SPAIN	SWEDEN	0.250396332	72526588680	0.773613187	0	0	6268.79462	0	2596.908	43651.6	18611818	6515395.8	3.02875	0.670255235	0.109991888	0.050344828	0.175626325	0	0	0.670255235	0.609723503	0.642897797
SWEDEN	UK	0.266436548	2.60E+11	0.703705796	0	0	47248.39	0	1437.571	91744	6515395.8	33488892.7	6.25	0.783139119	0.175114808	1.529632184	0.452179675	0	0	0.783139119	0.744651501	0.79916953
